0 0.82734375 0.473611111111111 0.046875 0.0833333333333333
0 0.53203125 0.448611111111111 0.046875 0.0833333333333333
0 0.65078125 0.779166666666667 0.046875 0.0833333333333333
0 0.67109375 0.463888888888889 0.046875 0.0833333333333333
0 0.16015625 0.406944444444444 0.046875 0.0833333333333333
0 0.225 0.556944444444444 0.046875 0.0833333333333333
0 0.975 0.752777777777778 0.046875 0.0833333333333333
0 0.91796875 0.726388888888889 0.046875 0.0833333333333333
0 0.915625 0.388888888888889 0.046875 0.0833333333333333
0 0.0390625 0.259722222222222 0.046875 0.0833333333333333
0 0.16015625 0.484722222222222 0.046875 0.0833333333333333
0 0.5984375 0.276388888888889 0.046875 0.0833333333333333
0 0.5078125 0.352777777777778 0.046875 0.0833333333333333
0 0.85703125 0.595833333333333 0.046875 0.0833333333333333
0 0.83984375 0.826388888888889 0.046875 0.0833333333333333
0 0.50390625 0.691666666666667 0.046875 0.0833333333333333
0 0.525 0.776388888888889 0.046875 0.0833333333333333
