0 0.0421875 0.636111111111111 0.046875 0.0833333333333333
0 0.66171875 0.652777777777778 0.046875 0.0833333333333333
0 0.43203125 0.609722222222222 0.046875 0.0833333333333333
0 0.36484375 0.348611111111111 0.046875 0.0833333333333333
0 0.053125 0.4375 0.046875 0.0833333333333333
0 0.25078125 0.508333333333333 0.046875 0.0833333333333333
0 0.93515625 0.443055555555556 0.046875 0.0833333333333333
0 0.31484375 0.784722222222222 0.046875 0.0833333333333333
0 0.58203125 0.376388888888889 0.046875 0.0833333333333333
0 0.73515625 0.383333333333333 0.046875 0.0833333333333333
0 0.89765625 0.590277777777778 0.046875 0.0833333333333333
