0 0.27265625 0.405555555555556 0.046875 0.0833333333333333
0 0.58984375 0.370833333333333 0.046875 0.0833333333333333
0 0.12109375 0.448611111111111 0.046875 0.0833333333333333
0 0.325 0.420833333333333 0.046875 0.0833333333333333
0 0.4734375 0.355555555555556 0.046875 0.0833333333333333
0 0.08359375 0.373611111111111 0.046875 0.0833333333333333
0 0.87421875 0.461111111111111 0.046875 0.0833333333333333
0 0.81953125 0.294444444444444 0.046875 0.0833333333333333
0 0.0453125 0.4625 0.046875 0.0833333333333333
0 0.52890625 0.343055555555556 0.046875 0.0833333333333333
0 0.3078125 0.276388888888889 0.046875 0.0833333333333333
