0 0.5546875 0.683333333333333 0.046875 0.0833333333333333
0 0.5421875 0.640277777777778 0.046875 0.0833333333333333
0 0.6609375 0.584722222222222 0.046875 0.0833333333333333
0 0.75390625 0.652777777777778 0.046875 0.0833333333333333
0 0.39921875 0.593055555555556 0.046875 0.0833333333333333
0 0.62421875 0.7375 0.046875 0.0833333333333333
0 0.55625 0.548611111111111 0.046875 0.0833333333333333
0 0.30859375 0.556944444444444 0.046875 0.0833333333333333
0 0.87265625 0.398611111111111 0.046875 0.0833333333333333
0 0.259375 0.726388888888889 0.046875 0.0833333333333333
0 0.98359375 0.606944444444444 0.03125 0.0833333333333333
