0 0.509375 0.531944444444444 0.046875 0.0833333333333333
0 0.66484375 0.402777777777778 0.046875 0.0833333333333333
0 0.92734375 0.468055555555556 0.046875 0.0833333333333333
0 0.63984375 0.680555555555555 0.046875 0.0833333333333333
0 0.40078125 0.7125 0.046875 0.0833333333333333
0 0.68125 0.526388888888889 0.046875 0.0833333333333333
0 0.56328125 0.447222222222222 0.046875 0.0833333333333333
0 0.0515625 0.398611111111111 0.046875 0.0833333333333333
0 0.15703125 0.416666666666667 0.046875 0.0833333333333333
0 0.9171875 0.541666666666667 0.046875 0.0833333333333333
0 0.07578125 0.519444444444444 0.046875 0.0833333333333333
