0 0.46484375 0.470833333333333 0.046875 0.0833333333333333
0 0.18203125 0.402777777777778 0.046875 0.0833333333333333
0 0.15859375 0.123611111111111 0.046875 0.0833333333333333
0 0.80078125 0.209722222222222 0.046875 0.0833333333333333
0 0.023828125 0.2375 0.04609375 0.0833333333333333
0 0.07421875 0.529166666666667 0.046875 0.0833333333333333
0 0.49609375 0.268055555555556 0.046875 0.0833333333333333
0 0.24453125 0.498611111111111 0.046875 0.0833333333333333
0 0.7921875 0.568055555555556 0.046875 0.0833333333333333
0 0.47734375 0.166666666666667 0.046875 0.0833333333333333
0 0.36328125 0.429166666666667 0.046875 0.0833333333333333
0 0.3140625 0.223611111111111 0.046875 0.0833333333333333
0 0.73046875 0.140277777777778 0.046875 0.0833333333333333
