0 0.09375 0.322222222222222 0.046875 0.0833333333333333
0 0.2265625 0.484722222222222 0.046875 0.0833333333333333
0 0.25234375 0.265277777777778 0.046875 0.0833333333333333
0 0.92421875 0.709722222222222 0.046875 0.0833333333333333
0 0.81640625 0.536111111111111 0.046875 0.0833333333333333
0 0.85078125 0.440277777777778 0.046875 0.0833333333333333
0 0.16015625 0.397222222222222 0.046875 0.0833333333333333
0 0.44140625 0.581944444444444 0.046875 0.0833333333333333
0 0.959375 0.404166666666667 0.046875 0.0833333333333333
0 0.64140625 0.398611111111111 0.046875 0.0833333333333333
0 0.20390625 0.231944444444444 0.046875 0.0833333333333333
0 0.46171875 0.384722222222222 0.046875 0.0833333333333333
