0 0.39453125 0.481944444444444 0.046875 0.0833333333333333
0 0.871875 0.473611111111111 0.046875 0.0833333333333333
0 0.7390625 0.651388888888889 0.046875 0.0833333333333333
0 0.703125 0.363888888888889 0.046875 0.0833333333333333
0 0.03125 0.380555555555556 0.046875 0.0833333333333333
0 0.58671875 0.261111111111111 0.046875 0.0833333333333333
0 0.32109375 0.552777777777778 0.046875 0.0833333333333333
0 0.87265625 0.723611111111111 0.046875 0.0833333333333333
0 0.19296875 0.286111111111111 0.046875 0.0833333333333333
0 0.59296875 0.595833333333333 0.046875 0.0833333333333333
0 0.15390625 0.497222222222222 0.046875 0.0833333333333333
0 0.53515625 0.591666666666667 0.046875 0.0833333333333333
