0 0.525 0.256944444444444 0.046875 0.0833333333333333
0 0.31953125 0.831944444444444 0.046875 0.0833333333333333
0 0.98046875 0.431944444444444 0.0375 0.0833333333333333
0 0.0421875 0.770833333333333 0.046875 0.0833333333333333
0 0.040625 0.379166666666667 0.046875 0.0833333333333333
0 0.67578125 0.731944444444444 0.046875 0.0833333333333333
0 0.44453125 0.536111111111111 0.046875 0.0833333333333333
0 0.125 0.470833333333333 0.046875 0.0833333333333333
0 0.26484375 0.709722222222222 0.046875 0.0833333333333333
0 0.78203125 0.311111111111111 0.046875 0.0833333333333333
