0 0.49609375 0.486111111111111 0.046875 0.0833333333333333
0 0.97734375 0.580555555555555 0.04375 0.0833333333333333
0 0.38671875 0.518055555555555 0.046875 0.0833333333333333
0 0.59609375 0.693055555555556 0.046875 0.0833333333333333
0 0.66328125 0.481944444444444 0.046875 0.0833333333333333
0 0.83359375 0.759722222222222 0.046875 0.0833333333333333
0 0.20234375 0.4875 0.046875 0.0833333333333333
0 0.20078125 0.356944444444444 0.046875 0.0833333333333333
0 0.87109375 0.490277777777778 0.046875 0.0833333333333333
0 0.02890625 0.493055555555556 0.046875 0.0833333333333333
0 0.44453125 0.561111111111111 0.046875 0.0833333333333333
