0 0.46015625 0.548611111111111 0.046875 0.0833333333333333
0 0.16328125 0.720833333333333 0.046875 0.0833333333333333
0 0.2484375 0.447222222222222 0.046875 0.0833333333333333
0 0.02265625 0.352777777777778 0.04375 0.0833333333333333
0 0.76640625 0.245833333333333 0.046875 0.0833333333333333
0 0.6796875 0.506944444444444 0.046875 0.0833333333333333
0 0.50859375 0.356944444444444 0.046875 0.0833333333333333
0 0.878125 0.561111111111111 0.046875 0.0833333333333333
0 0.16640625 0.283333333333333 0.046875 0.0833333333333333
0 0.44296875 0.445833333333333 0.046875 0.0833333333333333
0 0.92265625 0.283333333333333 0.046875 0.0833333333333333
0 0.63671875 0.4375 0.046875 0.0833333333333333
