0 0.20546875 0.505555555555556 0.046875 0.0833333333333333
0 0.85390625 0.476388888888889 0.046875 0.0833333333333333
0 0.20546875 0.223611111111111 0.046875 0.0833333333333333
0 0.4140625 0.401388888888889 0.046875 0.0833333333333333
0 0.053125 0.351388888888889 0.046875 0.0833333333333333
0 0.51796875 0.416666666666667 0.046875 0.0833333333333333
0 0.01953125 0.623611111111111 0.0375 0.0833333333333333
0 0.34921875 0.573611111111111 0.046875 0.0833333333333333
0 0.56875 0.458333333333333 0.046875 0.0833333333333333
0 0.7328125 0.277777777777778 0.046875 0.0833333333333333
