0 0.9609375 0.6375 0.046875 0.0833333333333333
0 0.80546875 0.415277777777778 0.046875 0.0833333333333333
0 0.10703125 0.275 0.046875 0.0833333333333333
0 0.36171875 0.544444444444444 0.046875 0.0833333333333333
0 0.51015625 0.545833333333333 0.046875 0.0833333333333333
0 0.15078125 0.576388888888889 0.046875 0.0833333333333333
0 0.53046875 0.370833333333333 0.046875 0.0833333333333333
0 0.39609375 0.452777777777778 0.046875 0.0833333333333333
0 0.74765625 0.584722222222222 0.046875 0.0833333333333333
0 0.38984375 0.3375 0.046875 0.0833333333333333
