0 0.953305735642706 0.524606163620141 0.046875 0.08333333
0 0.916434818552563 0.45518256511268 0.046875 0.08333333
0 0.891570077266775 0.255806516958128 0.046875 0.08333333
0 0.819794698495371 0.549777030059266 0.046875 0.08333333
0 0.688457008466921 0.563071220699541 0.046875 0.08333333
0 0.473670151067484 0.539161614358894 0.046875 0.08333333
0 0.3546875 0.320833333333333 0.046875 0.08333333
0 0.37734375 0.629166666666667 0.046875 0.08333333
0 0.357396956212141 0.78424619579839 0.046875 0.08333333
0 0.215073177368271 0.645822358863741 0.046875 0.08333333
0 0.216347126179604 0.508574024065809 0.046875 0.08333333
0 0.123256833855492 0.469871512732034 0.046875 0.08333333
