0 0.103974423785135 0.486978636697577 0.046875 0.08333333
0 0.112893970076938 0.380697949950199 0.046875 0.08333333
0 0.151650970656052 0.338268919344009 0.046875 0.08333333
0 0.306302244987735 0.572825264507611 0.046875 0.08333333
0 0.307415175386749 0.462450007652486 0.046875 0.08333333
0 0.457495649267933 0.352088392253877 0.046875 0.08333333
0 0.522864669604753 0.480432215467608 0.046875 0.08333333
0 0.545630151879422 0.264935231827414 0.046875 0.08333333
0 0.692959337974528 0.432465873736366 0.046875 0.08333333
0 0.762273589502389 0.655042214709329 0.046875 0.08333333
0 0.808114009872049 0.306802217415732 0.046875 0.08333333
0 0.954696769353769 0.183446911938068 0.046875 0.08333333
0 0.936718010408265 0.344391658695889 0.046875 0.08333333
0 0.958064645959631 0.469130546589566 0.046875 0.08333333
