0 0.937564638857281 0.344888496702574 0.046875 0.08333333
0 0.872036517820448 0.677933636394964 0.046875 0.08333333
0 0.763895814697394 0.347226810000938 0.046875 0.08333333
0 0.715341128602871 0.719411960156185 0.046875 0.08333333
0 0.584076818159514 0.57272577484425 0.046875 0.08333333
0 0.538052290292568 0.421464896394961 0.046875 0.08333333
0 0.517950009046462 0.312896365924472 0.046875 0.08333333
0 0.409712919019988 0.530736885812876 0.046875 0.08333333
0 0.334249313650154 0.419308989086072 0.046875 0.08333333
0 0.328248237286591 0.569877128883939 0.046875 0.08333333
0 0.0646617807362287 0.333976635306865 0.046875 0.08333333
0 0.0709745011187181 0.515782653906759 0.046875 0.08333333
