0 0.810498234767202 0.168090758796046 0.046875 0.08333333
0 0.828514662909258 0.512289737769216 0.046875 0.08333333
0 0.74580678595364 0.350130389521385 0.046875 0.08333333
0 0.561754442144312 0.444535680713223 0.046875 0.08333333
0 0.490659055596472 0.264246832565756 0.046875 0.08333333
0 0.385006182421924 0.310529019699329 0.046875 0.08333333
0 0.422025433101868 0.552388552276119 0.046875 0.08333333
0 0.284887793067017 0.498616414562562 0.046875 0.08333333
0 0.303993490655226 0.311224491043944 0.046875 0.08333333
0 0.259829538522645 0.149489272881111 0.046875 0.08333333
0 0.135969404729032 0.400185559455811 0.046875 0.08333333
0 0.110691088579391 0.344051974039822 0.046875 0.08333333
0 0.218312134289513 0.0569669586539996 0.046875 0.08333333
0 0.088736262277716 0.562908341915493 0.046875 0.08333333
