0 0.92265625 0.545833333333333 0.046875 0.08333333
0 0.841210036228949 0.660444847208567 0.046875 0.08333333
0 0.779887850423726 0.762122226653545 0.046875 0.08333333
0 0.795670187593234 0.556064802184409 0.046875 0.08333333
0 0.547002370153401 0.509374099388804 0.046875 0.08333333
0 0.654808539148173 0.797088032748434 0.046875 0.08333333
0 0.567830921299297 0.274905362052343 0.046875 0.08333333
0 0.820259030976191 0.376667327056604 0.046875 0.08333333
0 0.400794314326542 0.527392107313404 0.046875 0.08333333
0 0.28359375 0.626388888888889 0.046875 0.08333333
0 0.192992029137455 0.513788146546978 0.046875 0.08333333
0 0.348231263649282 0.307950602346971 0.046875 0.08333333
0 0.0399708352494786 0.41621564004638 0.046875 0.08333333
