0 0.909059068620613 0.495953016671884 0.046875 0.08333333
0 0.78390480115117 0.645632457564516 0.046875 0.08333333
0 0.75719561086474 0.832871845416988 0.046875 0.08333333
0 0.673051132673869 0.568667787456647 0.046875 0.08333333
0 0.609526993195308 0.358715970841544 0.046875 0.08333333
0 0.415252606944249 0.198405256512443 0.046875 0.08333333
0 0.519666290501108 0.826074972803026 0.046875 0.08333333
0 0.297866725068763 0.271682406582069 0.046875 0.08333333
0 0.197876491126166 0.70992665833996 0.046875 0.08333333
0 0.112704229477548 0.440706424667059 0.046875 0.08333333
0 0.0486166598977713 0.37740492074888 0.046875 0.08333333
0 0.0924748652538996 0.219739247140917 0.046875 0.08333333
