0 0.810070122077234 0.203696488062656 0.046875 0.08333333
0 0.772716856003141 0.564288331023397 0.046875 0.08333333
0 0.632269751868062 0.348533937187796 0.046875 0.08333333
0 0.728413874181813 0.141070703245351 0.046875 0.08333333
0 0.491219142902174 0.284454875416621 0.046875 0.08333333
0 0.449878880233595 0.465694345320319 0.046875 0.08333333
0 0.478161970008413 0.166558753748438 0.046875 0.08333333
0 0.359225028856673 0.440129989794832 0.046875 0.08333333
0 0.330861738341893 0.22684848301857 0.046875 0.08333333
0 0.288860380657581 0.178349583149164 0.046875 0.08333333
0 0.226590029842368 0.508152012941114 0.046875 0.08333333
0 0.171753381936526 0.385139116635579 0.046875 0.08333333
0 0.167330872785358 0.106630939881377 0.046875 0.08333333
0 0.00829567505380804 0.237694249280829 0.0302836498923839 0.08333333
0 0.0790631283927164 0.515398344194835 0.046875 0.08333333
