0 0.831181067203309 0.412213199495879 0.046875 0.08333333
0 0.889513693343763 0.524706992379927 0.046875 0.08333333
0 0.819401754166322 0.642216236179782 0.046875 0.08333333
0 0.781234573713351 0.529771186425267 0.046875 0.08333333
0 0.693388190793008 0.392013690304446 0.046875 0.08333333
0 0.677107911712581 0.505829038132162 0.046875 0.08333333
0 0.624009091318653 0.630304655480753 0.046875 0.08333333
0 0.581404289358747 0.600449523165597 0.046875 0.08333333
0 0.610374217295887 0.335153736552586 0.046875 0.08333333
0 0.577909636475403 0.447684036714635 0.046875 0.08333333
0 0.426000978760402 0.354382787028767 0.046875 0.08333333
0 0.40828349271655 0.473254388909573 0.046875 0.08333333
0 0.335326315921012 0.34564191836282 0.046875 0.08333333
0 0.261325148341751 0.542419126249729 0.046875 0.08333333
0 0.130867583745112 0.492864503918466 0.046875 0.08333333
0 0.0447773558983501 0.294711971415369 0.046875 0.08333333
