0 0.744094597535776 0.216991938629194 0.046875 0.08333333
0 0.714229249669905 0.414256928890017 0.046875 0.08333333
0 0.703781651897079 0.452122941879381 0.046875 0.08333333
0 0.544293093322011 0.580206200253961 0.046875 0.08333333
0 0.5150974683693 0.441718881334986 0.046875 0.08333333
0 0.399472258979914 0.622349158808265 0.046875 0.08333333
0 0.479995065105903 0.299541615936804 0.046875 0.08333333
0 0.252828036162463 0.545300497110902 0.046875 0.08333333
0 0.284382589510379 0.328939627896483 0.046875 0.08333333
0 0.072288456988294 0.438004080212688 0.046875 0.08333333
0 0.0349813859405717 0.508480314583857 0.046875 0.08333333
0 0.771024507351172 0.572954271202615 0.046875 0.08333333
