0 0.28359375 0.418055555555556 0.046875 0.08333333
0 0.352572268035863 0.508015866658759 0.046875 0.08333333
0 0.284647701859045 0.699227906360042 0.046875 0.08333333
0 0.388097125559557 0.805264473225058 0.046875 0.08333333
0 0.383068282175766 0.886827105021494 0.046875 0.08333333
0 0.557618790314074 0.655796684455358 0.046875 0.08333333
0 0.529446551847302 0.464536296498839 0.046875 0.08333333
0 0.497960117208392 0.401234041147572 0.046875 0.08333333
0 0.402068338171381 0.353718432394925 0.046875 0.08333333
0 0.437654659833604 0.423370279926121 0.046875 0.08333333
0 0.212982510622155 0.422415788389793 0.046875 0.08333333
0 0.54991774493238 0.82474390149442 0.046875 0.08333333
0 0.761531658622432 0.309482886031152 0.046875 0.08333333
0 0.743790073162912 0.502988143904626 0.046875 0.08333333
0 0.656383060793245 0.480600966970526 0.046875 0.08333333
0 0.982359119368338 0.498151906611728 0.0352817612633234 0.08333333
