0 0.0864526849100491 0.433079051894492 0.046875 0.08333333
0 0.153557990185743 0.498987750333448 0.046875 0.08333333
0 0.162330278317485 0.73613029016339 0.046875 0.08333333
0 0.3703125 0.556944444444444 0.046875 0.08333333
0 0.555865903109228 0.558878175544033 0.046875 0.08333333
0 0.567736390668938 0.806918568592569 0.046875 0.08333333
0 0.62421875 0.423611111111111 0.046875 0.08333333
0 0.738004651566323 0.616286925237589 0.046875 0.08333333
0 0.812925078562877 0.280010186548172 0.046875 0.08333333
0 0.916975228323252 0.746076280048222 0.046875 0.08333333
0 0.954530843277877 0.331001050176501 0.046875 0.08333333
