0 0.812073842049678 0.492456235885206 0.046875 0.08333333
0 0.778801157467379 0.55010684909786 0.046875 0.08333333
0 0.719857873099913 0.444770560083341 0.046875 0.08333333
0 0.591732406940605 0.613394097929897 0.046875 0.08333333
0 0.279490473938093 0.436165951779743 0.046875 0.08333333
0 0.238782234152928 0.688554742013854 0.046875 0.08333333
0 0.119842816558035 0.52064602130245 0.046875 0.08333333
0 0.0765535179689042 0.466866004517255 0.046875 0.08333333
0 0.155460343077572 0.470872441955707 0.046875 0.08333333
0 0.123989223230021 0.197063485489424 0.046875 0.08333333
0 0.0241814387197806 0.285027452895407 0.046875 0.08333333
0 0.286279446747918 0.201710737383141 0.046875 0.08333333
