0 0.983244870531968 0.625705842165088 0.0335102589360639 0.08333333
0 0.967833927684042 0.381430365679511 0.046875 0.08333333
0 0.855828726428488 0.38874688136618 0.046875 0.08333333
0 0.911618708394536 0.591260530931066 0.046875 0.08333333
0 0.756700196668872 0.652048946892428 0.046875 0.08333333
0 0.672398503745474 0.587629427815777 0.046875 0.08333333
0 0.636337530480543 0.749815008181854 0.046875 0.08333333
0 0.531830446114813 0.642103662819598 0.046875 0.08333333
0 0.561742369603406 0.674552684245675 0.046875 0.08333333
0 0.541989908121746 0.557735229832592 0.046875 0.08333333
0 0.406874387078857 0.585756810413613 0.046875 0.08333333
0 0.290633758494489 0.579814839201782 0.046875 0.08333333
0 0.24281986834002 0.726987475817061 0.046875 0.08333333
