0 0.890249738202513 0.615864110961801 0.046875 0.08333333
0 0.713769535427779 0.639686496572204 0.046875 0.08333333
0 0.680642403530779 0.661106902715037 0.046875 0.08333333
0 0.727628416164373 0.440819996448007 0.046875 0.08333333
0 0.669050314207449 0.365326246067811 0.046875 0.08333333
0 0.544459492349738 0.542537640935284 0.046875 0.08333333
0 0.441495935634245 0.298046958966505 0.046875 0.08333333
0 0.334882936180905 0.503672788513391 0.046875 0.08333333
0 0.267488700082951 0.29692097822852 0.046875 0.08333333
0 0.17573354595757 0.472392606422947 0.046875 0.08333333
0 0.113376536729736 0.381609809516791 0.046875 0.08333333
