0 0.183590962777414 0.513331209948817 0.046875 0.08333333
0 0.331255003379805 0.588704897875943 0.046875 0.08333333
0 0.35390625 0.402777777777778 0.046875 0.08333333
0 0.53680504230844 0.586363020510201 0.046875 0.08333333
0 0.565859098959417 0.730168409340168 0.046875 0.08333333
0 0.641507061023562 0.489782551067735 0.046875 0.08333333
0 0.547060882529198 0.405565811547996 0.046875 0.08333333
0 0.815002902117468 0.725434085294692 0.046875 0.08333333
0 0.761074697135568 0.289578724432928 0.046875 0.08333333
0 0.936890039143071 0.627232855188041 0.046875 0.08333333
0 0.94104945415656 0.356661238372597 0.046875 0.08333333
