0 0.96603137760324 0.678756528009633 0.046875 0.08333333
0 0.8227550045629 0.554238022766825 0.046875 0.08333333
0 0.642066890143113 0.867064178037452 0.046875 0.08333333
0 0.639997296058648 0.448727246572966 0.046875 0.08333333
0 0.457496080207674 0.581732840086928 0.046875 0.08333333
0 0.359227273512081 0.860419864898597 0.046875 0.08333333
0 0.251620987535611 0.715384515702328 0.046875 0.08333333
0 0.268910571148009 0.526409728863622 0.046875 0.08333333
0 0.164457254539904 0.573891866785704 0.046875 0.08333333
0 0.14465181649525 0.704643115740896 0.046875 0.08333333
0 0.0700842626263408 0.608836903165496 0.046875 0.08333333
0 0.374907371704343 0.214579039251724 0.046875 0.08333333
