0 0.870451830801132 0.442688181226215 0.046875 0.08333333
0 0.791488957092583 0.387265527473248 0.046875 0.08333333
0 0.772296016030016 0.687644588297978 0.046875 0.08333333
0 0.624932945334415 0.552470071148415 0.046875 0.08333333
0 0.530181056207868 0.583582898693569 0.046875 0.08333333
0 0.572192448460885 0.370659180665011 0.046875 0.08333333
0 0.382195884330586 0.620192054075963 0.046875 0.08333333
0 0.332539210020883 0.516181115864517 0.046875 0.08333333
0 0.182299498038994 0.490586769601008 0.046875 0.08333333
0 0.220524515618265 0.578284572239809 0.046875 0.08333333
0 0.305774264974686 0.755466348889717 0.046875 0.08333333
0 0.00441478152340236 0.561589102238105 0.0380454369531953 0.08333333
