0 0.931488473560392 0.468647910296967 0.046875 0.08333333
0 0.907868112174018 0.517428445583756 0.046875 0.08333333
0 0.670051263426071 0.517720998715058 0.046875 0.08333333
0 0.676830895550774 0.406947324970112 0.046875 0.08333333
0 0.629490218013351 0.688544320923929 0.046875 0.08333333
0 0.563288680045548 0.438731862067848 0.046875 0.08333333
0 0.505831752638851 0.540323736998789 0.046875 0.08333333
0 0.314569151527912 0.529092557290574 0.046875 0.08333333
0 0.374760913492335 0.721366660449515 0.046875 0.08333333
0 0.173178744773766 0.424142134934061 0.046875 0.08333333
0 0.0546361346076519 0.410196962534002 0.046875 0.08333333
0 0.0813771452119473 0.515723245282774 0.046875 0.08333333
0 0.0410197796767406 0.627501532338339 0.046875 0.08333333
