0 0.874740867404979 0.458761650430189 0.046875 0.08333333
0 0.768222088952193 0.43164946053118 0.046875 0.08333333
0 0.743003436499388 0.601996126781515 0.046875 0.08333333
0 0.639994346488461 0.477663389057233 0.046875 0.08333333
0 0.648789087790451 0.132206359460543 0.046875 0.08333333
0 0.563694988843084 0.246602165828445 0.046875 0.08333333
0 0.411105981810512 0.440001478346168 0.046875 0.08333333
0 0.259050270475235 0.307130138622124 0.046875 0.08333333
0 0.24340624854014 0.577873006729633 0.046875 0.08333333
0 0.303868506368599 0.676061168821582 0.046875 0.08333333
0 0.159228362852381 0.646120453764053 0.046875 0.08333333
