0 0.959089197804798 0.631582082780154 0.046875 0.08333333
0 0.923629968099411 0.486615954991196 0.046875 0.08333333
0 0.848203997994583 0.693099778178247 0.046875 0.08333333
0 0.730346583168593 0.352025235735703 0.046875 0.08333333
0 0.618906967064708 0.384551902489418 0.046875 0.08333333
0 0.564550096929383 0.76443014733497 0.046875 0.08333333
0 0.405748460450524 0.467829836730528 0.046875 0.08333333
0 0.544987600396841 0.408775691075551 0.046875 0.08333333
0 0.490532476537072 0.566188658022301 0.046875 0.08333333
0 0.297418307185796 0.713348418835458 0.046875 0.08333333
0 0.346386174712269 0.638843006486238 0.046875 0.08333333
0 0.266144333407178 0.60369428104112 0.046875 0.08333333
0 0.191378236241342 0.375379468390746 0.046875 0.08333333
0 0.31285477425935 0.442242226633098 0.046875 0.08333333
0 0.308765749296422 0.281943945749914 0.046875 0.08333333
