0 0.975401081726654 0.46975311657424 0.046875 0.08333333
0 0.744044684409273 0.350637926044271 0.046875 0.08333333
0 0.657948202843168 0.399162413474234 0.046875 0.08333333
0 0.533121949600889 0.433616834464138 0.046875 0.08333333
0 0.462133628317874 0.507550096837683 0.046875 0.08333333
0 0.485886747453804 0.230412397567239 0.046875 0.08333333
0 0.468590069694758 0.646914302521292 0.046875 0.08333333
0 0.342724158272869 0.246472820493168 0.046875 0.08333333
0 0.24453125 0.218055555555556 0.046875 0.08333333
0 0.29662509642697 0.40822569996828 0.046875 0.08333333
0 0.277716828859941 0.655648033304448 0.046875 0.08333333
0 0.101444404721901 0.540652259306167 0.046875 0.08333333
0 0.102202540086267 0.253347146163152 0.046875 0.08333333
0 0.0807636189220113 0.366037274318823 0.046875 0.08333333
