0 0.227589473731347 0.570416204676309 0.046875 0.08333333
0 0.169680702389347 0.597793668749593 0.046875 0.08333333
0 0.154157344430848 0.466945370607155 0.046875 0.08333333
0 0.326291752675974 0.481578547095325 0.046875 0.08333333
0 0.368459166267534 0.632678288856845 0.046875 0.08333333
0 0.404317838505327 0.481279678199526 0.046875 0.08333333
0 0.609344911761679 0.506546120749073 0.046875 0.08333333
0 0.735031138395647 0.634162254672999 0.046875 0.08333333
0 0.823695931467742 0.457355517542792 0.046875 0.08333333
0 0.94921875 0.591666666666667 0.046875 0.08333333
0 0.854162672168953 0.685042448445778 0.046875 0.08333333
