0 0.215302965362726 0.488696678798076 0.046875 0.08333333
0 0.176118919338562 0.39012804834584 0.046875 0.08333333
0 0.0518650389742935 0.363078474058485 0.046875 0.08333333
0 0.00478251548380498 0.61796651669045 0.03730996903239 0.08333333
0 0.0609894418985971 0.695143722945246 0.046875 0.08333333
0 0.200124093271547 0.209878277169333 0.046875 0.08333333
0 0.341764151292511 0.567448118354535 0.046875 0.08333333
0 0.519959547528553 0.434889709617321 0.046875 0.08333333
0 0.4140625 0.401388888888889 0.046875 0.08333333
0 0.583457155336259 0.447923350125127 0.046875 0.08333333
0 0.734890583133412 0.293193793601706 0.046875 0.08333333
0 0.846345569761562 0.4663395702099 0.046875 0.08333333
