0 0.191629474432523 0.413351384640932 0.046875 0.08333333
0 0.170861438494169 0.515740234326225 0.046875 0.08333333
0 0.0879966569674355 0.535444431636178 0.046875 0.08333333
0 0.349427504667023 0.467611630129147 0.046875 0.08333333
0 0.43246676819594 0.484953492415078 0.046875 0.08333333
0 0.487654079321536 0.485381948922398 0.046875 0.08333333
0 0.583237347062235 0.405848334512558 0.046875 0.08333333
0 0.79387299152523 0.324095405900681 0.046875 0.08333333
0 0.849146684821127 0.472150497574208 0.046875 0.08333333
0 0.873259756120818 0.410459204829227 0.046875 0.08333333
0 0.894939151009728 0.326888313371603 0.046875 0.08333333
