0 0.8702712042429 0.341974573379667 0.046875 0.08333333
0 0.894276427312308 0.535033470302576 0.046875 0.08333333
0 0.794339662068038 0.609789579164163 0.046875 0.08333333
0 0.748768401151658 0.468555197174716 0.046875 0.08333333
0 0.690995819259976 0.736378053535974 0.046875 0.08333333
0 0.645455652638071 0.755301555674134 0.046875 0.08333333
0 0.616205908026746 0.64742384076529 0.046875 0.08333333
0 0.653933860478149 0.399440098990343 0.046875 0.08333333
0 0.570103625364049 0.359696771911122 0.046875 0.08333333
0 0.413434306512816 0.793575253708421 0.046875 0.08333333
0 0.377167779926836 0.618653848840441 0.046875 0.08333333
0 0.281892185869514 0.755007531679249 0.046875 0.08333333
0 0.190521751606783 0.580466138740489 0.046875 0.08333333
0 0.0616281662914141 0.702340251405707 0.046875 0.08333333
0 0.153032043129324 0.393257371556786 0.046875 0.08333333
