0 0.174585514828568 0.377890486313535 0.046875 0.08333333
0 0.0962776390903413 0.49983636812482 0.046875 0.08333333
0 0.109318334289057 0.318543669121666 0.046875 0.08333333
0 0.213842465503802 0.496564530523075 0.046875 0.08333333
0 0.270389978286914 0.279806939720029 0.046875 0.08333333
0 0.192984277891378 0.236708706875198 0.046875 0.08333333
0 0.362111695657087 0.438663856254126 0.046875 0.08333333
0 0.426961042792142 0.598558558281413 0.046875 0.08333333
0 0.468666058501824 0.379852786240032 0.046875 0.08333333
0 0.637277814594095 0.374409524989498 0.046875 0.08333333
0 0.585825962102546 0.583466994798606 0.046875 0.08333333
0 0.84100872613594 0.439809208342662 0.046875 0.08333333
0 0.965921855657732 0.402502202397174 0.046875 0.08333333
0 0.933110535062712 0.703922531697753 0.046875 0.08333333
0 0.786393937598164 0.535688088359614 0.046875 0.08333333
