0 0.854064869151126 0.554273782395937 0.046875 0.08333333
0 0.776749756185478 0.57356895544294 0.046875 0.08333333
0 0.816493192548882 0.388635879688574 0.046875 0.08333333
0 0.721033361960006 0.399137262778443 0.046875 0.08333333
0 0.622189299352324 0.582402620274712 0.046875 0.08333333
0 0.4078125 0.4375 0.046875 0.08333333
0 0.436309474642507 0.580970028527651 0.046875 0.08333333
0 0.347776614398384 0.578701093569854 0.046875 0.08333333
0 0.415641910783122 0.349112979999041 0.046875 0.08333333
0 0.21781618710779 0.38370071064881 0.046875 0.08333333
0 0.261391702946808 0.59432579206341 0.046875 0.08333333
0 0.167097306368479 0.531751146962767 0.046875 0.08333333
0 0.0720699109420805 0.517378818882227 0.046875 0.08333333
