0 0.83667990628637 0.567605239573406 0.046875 0.08333333
0 0.80955216335354 0.652929877521319 0.046875 0.08333333
0 0.730018999461869 0.506454943673386 0.046875 0.08333333
0 0.701176328527635 0.324953642839895 0.046875 0.08333333
0 0.537733323719788 0.509503424224507 0.046875 0.08333333
0 0.489562460030272 0.43225069526187 0.046875 0.08333333
0 0.468256801745342 0.609552060967462 0.046875 0.08333333
0 0.334495813705162 0.386298979268591 0.046875 0.08333333
0 0.208630498667492 0.324477186145646 0.046875 0.08333333
0 0.213600972245186 0.557218064046731 0.046875 0.08333333
0 0.0755386514349127 0.383602334785404 0.046875 0.08333333
