0 0.970857019247462 0.625012839155905 0.046875 0.08333333
0 0.802181772697518 0.497672045647383 0.046875 0.08333333
0 0.744131788086235 0.288520038734524 0.046875 0.08333333
0 0.756325378391727 0.478986141557905 0.046875 0.08333333
0 0.723731997472803 0.658884130785189 0.046875 0.08333333
0 0.560225650699171 0.750306492681934 0.046875 0.08333333
0 0.55424225662865 0.566364810851338 0.046875 0.08333333
0 0.580689445118194 0.358556222502602 0.046875 0.08333333
0 0.600375814874781 0.2062733032571 0.046875 0.08333333
0 0.5453125 0.302777777777778 0.046875 0.08333333
0 0.424593500824071 0.369390428769446 0.046875 0.08333333
0 0.426658069517375 0.605665476164299 0.046875 0.08333333
0 0.259024339426569 0.303062515395612 0.046875 0.08333333
0 0.199728569932222 0.4978904930341 0.046875 0.08333333
0 0.159483118925239 0.359768682449927 0.046875 0.08333333
