0 0.245021396960667 0.422969485349214 0.046875 0.08333333
0 0.0733742434521678 0.356374941935642 0.046875 0.08333333
0 0.00659294794546804 0.508839034070249 0.0336891041090639 0.08333333
0 0.24921875 0.563888888888889 0.046875 0.08333333
0 0.413994301634953 0.279830380039986 0.046875 0.08333333
0 0.431248765624453 0.41403987640747 0.046875 0.08333333
0 0.43984375 0.555555555555555 0.046875 0.08333333
0 0.566443558677076 0.529189408344465 0.046875 0.08333333
0 0.54609015559781 0.442619301345299 0.046875 0.08333333
0 0.564626613876496 0.332308716769382 0.046875 0.08333333
0 0.7 0.634722222222222 0.046875 0.08333333
0 0.821259059189191 0.527686673978167 0.046875 0.08333333
0 0.982334577281746 0.471932115208456 0.0353308454365076 0.08333333
0 0.982508667328816 0.534134615058122 0.0349826653423677 0.08333333
0 0.855092041445959 0.64759320338491 0.046875 0.08333333
0 0.851156768631513 0.361740806708168 0.046875 0.08333333
