0 0.960810635725492 0.59178049721707 0.046875 0.08333333
0 0.87432507301764 0.407829776574724 0.046875 0.08333333
0 0.6953125 0.395833333333333 0.046875 0.08333333
0 0.510402870973826 0.349495308734096 0.046875 0.08333333
0 0.485418369683718 0.589530863913589 0.046875 0.08333333
0 0.463895928745345 0.359169987850476 0.046875 0.08333333
0 0.254557843668763 0.339190870698484 0.046875 0.08333333
0 0.209008546619403 0.56979445307917 0.046875 0.08333333
0 0.13784356694144 0.558085802166912 0.046875 0.08333333
0 0.0495825015890361 0.334731633860133 0.046875 0.08333333
0 0.151664233630719 0.23203443454669 0.046875 0.08333333
0 0.0597352379300625 0.640167199443421 0.046875 0.08333333
