0 0.871883195162264 0.406150614965696 0.046875 0.08333333
0 0.832257465043574 0.602346963952977 0.046875 0.08333333
0 0.673446671485085 0.511064201175669 0.046875 0.08333333
0 0.686309592483304 0.291675387251041 0.046875 0.08333333
0 0.695401690925176 0.41157165834829 0.046875 0.08333333
0 0.475434174276233 0.570642425436321 0.046875 0.08333333
0 0.493145318771251 0.678851579087343 0.046875 0.08333333
0 0.488273529869519 0.371868397032511 0.046875 0.08333333
0 0.200609640415644 0.413970864824139 0.046875 0.08333333
0 0.114968119234881 0.520850211156466 0.046875 0.08333333
0 0.271593511954847 0.366984419400936 0.046875 0.08333333
