0 0.995326308618668 0.267099613021626 0.00934738276266422 0.08333333
0 0.922217607998113 0.649375417295778 0.046875 0.08333333
0 0.862557205160803 0.537998875749874 0.046875 0.08333333
0 0.825130094875067 0.224049978850039 0.046875 0.08333333
0 0.6578125 0.369444444444444 0.046875 0.08333333
0 0.720649976182344 0.716134753446863 0.046875 0.08333333
0 0.556035809360543 0.510096873127063 0.046875 0.08333333
0 0.486649196345623 0.290408783499365 0.046875 0.08333333
0 0.36941948555254 0.411458711694829 0.046875 0.08333333
0 0.116196137085908 0.363309498737003 0.046875 0.08333333
0 0.0773894995239408 0.724591785896186 0.046875 0.08333333
