0 0.0758607338052653 0.370338102561385 0.046875 0.08333333
0 0.202793863138825 0.288727326200512 0.046875 0.08333333
0 0.271636642604599 0.382189893664494 0.046875 0.08333333
0 0.325724463349426 0.497204048837566 0.046875 0.08333333
0 0.393111137398596 0.446196510149438 0.046875 0.08333333
0 0.451234493380471 0.361932006248125 0.046875 0.08333333
0 0.45049588675494 0.221731014980085 0.046875 0.08333333
0 0.596243251519261 0.397348092141753 0.046875 0.08333333
0 0.61981131496379 0.208581612725106 0.046875 0.08333333
0 0.735448996998873 0.472067479156416 0.046875 0.08333333
0 0.806677787821994 0.636276839723089 0.046875 0.08333333
0 0.855150596339256 0.520529646715109 0.046875 0.08333333
0 0.991627758673168 0.419160179107133 0.0167444826536629 0.08333333
0 0.990099452285006 0.322777421409801 0.0198010954299885 0.08333333
0 0.963070264120814 0.520718224695185 0.046875 0.08333333
