0 0.157374828778065 0.469328119686238 0.046875 0.08333333
0 0.114362422748271 0.250801348550378 0.046875 0.08333333
0 0.147647189164747 0.560825962411674 0.046875 0.08333333
0 0.354537270737558 0.5517817670088 0.046875 0.08333333
0 0.411240949166519 0.325846775756883 0.046875 0.08333333
0 0.386495256851845 0.434811057083166 0.046875 0.08333333
0 0.511962114591427 0.548200591369043 0.046875 0.08333333
0 0.53497834417429 0.377671402102999 0.046875 0.08333333
0 0.751693639917151 0.557825287175434 0.046875 0.08333333
0 0.794109936162119 0.425574259585642 0.046875 0.08333333
0 0.970466385516766 0.49105356407314 0.046875 0.08333333
0 0.965732968976188 0.622337049732357 0.046875 0.08333333
0 0.946012400546903 0.410354472498185 0.046875 0.08333333
