0 0.919077634527731 0.273103790989787 0.046875 0.08333333
0 0.613349783978587 0.397392332935823 0.046875 0.08333333
0 0.670005926594877 0.552522189795912 0.046875 0.08333333
0 0.392669419846794 0.677441335453376 0.046875 0.08333333
0 0.450484381499674 0.425251156533947 0.046875 0.08333333
0 0.367167870964847 0.298059757871963 0.046875 0.08333333
0 0.184075978555195 0.341673362722375 0.046875 0.08333333
0 0.29765625 0.593055555555556 0.046875 0.08333333
0 0.383433814478525 0.879378815028117 0.046875 0.08333333
0 0.0952115535525786 0.648842300796543 0.046875 0.08333333
0 0.0453419346579766 0.488921998437674 0.046875 0.08333333
