0 0.73271305923329 0.565032591475108 0.046875 0.08333333
0 0.542109012136864 0.521714487244487 0.046875 0.08333333
0 0.78125 0.805555555555555 0.046875 0.08333333
0 0.883853370639096 0.825609660429723 0.046875 0.08333333
0 0.910696089114361 0.521413141796143 0.046875 0.08333333
0 0.438016953478344 0.535364568249104 0.046875 0.08333333
0 0.0987549889846098 0.435634811659907 0.046875 0.08333333
0 0.0355259283497191 0.455571813140701 0.046875 0.08333333
0 0.0787637893973544 0.323715778893115 0.046875 0.08333333
0 0.0149529779920346 0.346365672822204 0.0169690440159307 0.08333333
