0 0.0150948396504868 0.3380634572391 0.0166853206990264 0.08333333
0 0.0537694091729171 0.622812054647151 0.046875 0.08333333
0 0.160767136528089 0.719287482751751 0.046875 0.08333333
0 0.168403734328725 0.280697909421787 0.046875 0.08333333
0 0.254733978394212 0.449009200063912 0.046875 0.08333333
0 0.286358668324267 0.670821906527297 0.046875 0.08333333
0 0.46696726346934 0.444702601925038 0.046875 0.08333333
0 0.462961151716829 0.56957267786974 0.046875 0.08333333
0 0.313185992777669 0.288615109462599 0.046875 0.08333333
0 0.50365087746027 0.340276114563295 0.046875 0.08333333
0 0.63608524708745 0.437005163768807 0.046875 0.08333333
0 0.67550618090603 0.510477281384158 0.046875 0.08333333
0 0.782480007699159 0.234321712067666 0.046875 0.08333333
0 0.785523715597814 0.389684846483401 0.046875 0.08333333
0 0.879514833609205 0.561783920568364 0.046875 0.08333333
0 0.920224533555579 0.282540146277686 0.046875 0.08333333
