0 0.932693682114203 0.7130115090945 0.046875 0.08333333
0 0.88048995254763 0.237139305866211 0.046875 0.08333333
0 0.879112994092269 0.478397112575988 0.046875 0.08333333
0 0.73671875 0.479166666666667 0.046875 0.08333333
0 0.579283158578167 0.536324811689461 0.046875 0.08333333
0 0.27390611225612 0.565213240402186 0.046875 0.08333333
0 0.135993774613215 0.679723409027625 0.046875 0.08333333
0 0.0527103882858142 0.496020261875292 0.046875 0.08333333
0 0.153478343322989 0.424250414370587 0.046875 0.08333333
0 0.0356521415263608 0.385242293249284 0.046875 0.08333333
