0 0.0384341118659195 0.617310885277855 0.046875 0.08333333
0 0.0225435970256288 0.431955847853385 0.00178780594874246 0.08333333
0 0.270241444429495 0.518216605162284 0.046875 0.08333333
0 0.239351170575171 0.341086356267033 0.046875 0.08333333
0 0.307009625440365 0.787530583786436 0.046875 0.08333333
0 0.436398509258031 0.59791080200359 0.046875 0.08333333
0 0.356546429290609 0.336629519993737 0.046875 0.08333333
0 0.600999294150286 0.356456478214711 0.046875 0.08333333
0 0.740887955477815 0.364353802485422 0.046875 0.08333333
0 0.667682203578066 0.666994386792955 0.046875 0.08333333
0 0.901863906160881 0.600295232048925 0.046875 0.08333333
0 0.937775709070203 0.451378611028576 0.046875 0.08333333
