0 0.974126492583279 0.385406550119305 0.046875 0.08333333
0 0.835639130513392 0.390257658449093 0.046875 0.08333333
0 0.661004459017934 0.662192253291702 0.046875 0.08333333
0 0.662780730114078 0.411925382535329 0.046875 0.08333333
0 0.591735903326753 0.664639305748159 0.046875 0.08333333
0 0.511544653054602 0.254942078264158 0.046875 0.08333333
0 0.434522663279769 0.332004735526831 0.046875 0.08333333
0 0.393462684292416 0.560031140570818 0.046875 0.08333333
0 0.393183963771542 0.187382284109426 0.046875 0.08333333
0 0.134787585131848 0.304229396458224 0.046875 0.08333333
0 0.181377823576633 0.592973689145149 0.046875 0.08333333
0 0.0484329087533951 0.642734421471013 0.046875 0.08333333
