0 0.251806516618528 0.398341488393931 0.046875 0.08333333
0 0.0372319067267277 0.321589769133193 0.046875 0.08333333
0 0.42890625 0.5 0.046875 0.08333333
0 0.462136470196301 0.783054266723963 0.046875 0.08333333
0 0.519482204874173 0.535968337641275 0.046875 0.08333333
0 0.46410436169017 0.274200173555922 0.046875 0.08333333
0 0.66758357204699 0.167165229335159 0.046875 0.08333333
0 0.627692254637999 0.35760618603356 0.046875 0.08333333
0 0.780268824056457 0.363783302896384 0.046875 0.08333333
0 0.730433644080838 0.548796997486603 0.046875 0.08333333
0 0.825842785337793 0.630428766231422 0.046875 0.08333333
0 0.678790521755837 0.757751510609163 0.046875 0.08333333
0 0.929223950073199 0.44251410985666 0.046875 0.08333333
