0 0.939120793072673 0.840627574083075 0.046875 0.08333333
0 0.853086909678945 0.487589055905875 0.046875 0.08333333
0 0.676514344560585 0.61805690412355 0.046875 0.08333333
0 0.618471623606533 0.396228108624097 0.046875 0.08333333
0 0.46484375 0.540277777777778 0.046875 0.08333333
0 0.509679129132832 0.55990187421405 0.046875 0.08333333
0 0.558100860359852 0.723447893213522 0.046875 0.08333333
0 0.46640625 0.323611111111111 0.046875 0.08333333
0 0.733223351908931 0.239122574766396 0.046875 0.08333333
0 0.880267881606227 0.168335622223686 0.046875 0.08333333
0 0.94609375 0.2625 0.046875 0.08333333
0 0.833478255987792 0.417809477756656 0.046875 0.08333333
0 0.382778958471684 0.516648233789523 0.046875 0.08333333
0 0.203908414589186 0.524974017337432 0.046875 0.08333333
0 0.180374951500623 0.468503941176085 0.046875 0.08333333
0 0.145006805621791 0.59226458819167 0.046875 0.08333333
0 0.0664144780879778 0.486487613857345 0.046875 0.08333333
