0 0.972460045760479 0.769313253142258 0.046875 0.08333333
0 0.925953712250509 0.712409488838294 0.046875 0.08333333
0 0.917362011385535 0.420403305581875 0.046875 0.08333333
0 0.830406263364149 0.472592345712844 0.046875 0.08333333
0 0.85004874484149 0.594333857151453 0.046875 0.08333333
0 0.837801224926916 0.824345750600768 0.046875 0.08333333
0 0.632574905940243 0.767033278185695 0.046875 0.08333333
0 0.64683397983503 0.478822366181977 0.046875 0.08333333
0 0.587487317042466 0.274145966681931 0.046875 0.08333333
0 0.499171410451174 0.356193240473292 0.046875 0.08333333
0 0.528732735402968 0.444049976164518 0.046875 0.08333333
0 0.496622294378783 0.67280869460199 0.046875 0.08333333
0 0.525479371380003 0.782068508655935 0.046875 0.08333333
0 0.162486289588538 0.470777668833375 0.046875 0.08333333
0 0.244132840455567 0.56245562765353 0.046875 0.08333333
0 0.167209942367927 0.399825347722348 0.046875 0.08333333
0 0.0511858958367133 0.259192425785536 0.046875 0.08333333
