0 0.76987636996996 0.603973885887194 0.046875 0.08333333
0 0.687207753809751 0.642717735214374 0.046875 0.08333333
0 0.726112904776033 0.506616838215826 0.046875 0.08333333
0 0.749700332205608 0.452478290883633 0.046875 0.08333333
0 0.682807179312701 0.346866318011749 0.046875 0.08333333
0 0.53851449936129 0.533949302370255 0.046875 0.08333333
0 0.508758044415451 0.433383670479168 0.046875 0.08333333
0 0.547067518448979 0.321258616078654 0.046875 0.08333333
0 0.480679100392753 0.532796353740941 0.046875 0.08333333
0 0.385259852608787 0.59313817934446 0.046875 0.08333333
0 0.360514956769595 0.358867551860962 0.046875 0.08333333
0 0.278689965299504 0.317651977095498 0.046875 0.08333333
0 0.281914307594946 0.632345663226256 0.046875 0.08333333
0 0.181990545940069 0.397447986909127 0.046875 0.08333333
