0 0.116202338587296 0.463620197412355 0.046875 0.08333333
0 0.0212934542241156 0.786964867657395 0.00428809155176879 0.08333333
0 0.0324946997100273 0.389497842610886 0.046875 0.08333333
0 0.225783121679022 0.522298557018913 0.046875 0.08333333
0 0.255400763868815 0.692521081720777 0.046875 0.08333333
0 0.31309536885504 0.841197490398142 0.046875 0.08333333
0 0.455170117270307 0.521980233819184 0.046875 0.08333333
0 0.532076320723121 0.254578012273856 0.046875 0.08333333
0 0.652811899981799 0.388489117359171 0.046875 0.08333333
0 0.765995256269494 0.293714075757658 0.046875 0.08333333
0 0.689380635645771 0.732236332842202 0.046875 0.08333333
0 0.851606228668672 0.4741889653539 0.046875 0.08333333
0 0.979541802670273 0.419364923543323 0.0409163946594537 0.08333333
