0 0.886768292144402 0.331559692692446 0.046875 0.08333333
0 0.868309225670869 0.569726033686028 0.046875 0.08333333
0 0.831587573319155 0.429257435132645 0.046875 0.08333333
0 0.619871619373908 0.458546250687717 0.046875 0.08333333
0 0.567048881737352 0.313346869667445 0.046875 0.08333333
0 0.438479438394974 0.444117751651755 0.046875 0.08333333
0 0.383960432805017 0.515057071301507 0.046875 0.08333333
0 0.362848923654419 0.297761532758184 0.046875 0.08333333
0 0.168956073564134 0.274147627516388 0.046875 0.08333333
0 0.0978586963901596 0.322718862779118 0.046875 0.08333333
0 0.0192432532776776 0.451632456997291 0.00838849344464481 0.08333333
