0 0.894135722049234 0.470435033761609 0.046875 0.08333333
0 0.825615745651291 0.302793479178572 0.046875 0.08333333
0 0.584153138666438 0.37698632759016 0.046875 0.08333333
0 0.508997919847558 0.336267004428734 0.046875 0.08333333
0 0.465835374186908 0.36894519579406 0.046875 0.08333333
0 0.307080057234599 0.276459849434197 0.046875 0.08333333
0 0.322342943929261 0.401989058310063 0.046875 0.08333333
0 0.260647909251659 0.396048892576148 0.046875 0.08333333
0 0.106067439594659 0.460888635067735 0.046875 0.08333333
0 0.08359375 0.373611111111111 0.046875 0.08333333
0 0.0498815001398712 0.473184657988338 0.046875 0.08333333
