0 0.875820033291675 0.709200751027436 0.046875 0.08333333
0 0.890992427467315 0.577686298490744 0.046875 0.08333333
0 0.880545559697983 0.456128662932038 0.046875 0.08333333
0 0.745340740846021 0.640455983689815 0.046875 0.08333333
0 0.685353689309682 0.377816665204662 0.046875 0.08333333
0 0.583413919460289 0.24430574331167 0.046875 0.08333333
0 0.597570276270634 0.567573348600895 0.046875 0.08333333
0 0.629348821694807 0.775776469180328 0.046875 0.08333333
0 0.519166524452652 0.597812999415477 0.046875 0.08333333
0 0.400104945805109 0.496027868837896 0.046875 0.08333333
0 0.321266231594185 0.57353791275974 0.046875 0.08333333
0 0.190185774059529 0.451506038105508 0.046875 0.08333333
0 0.195382720774422 0.295718896901314 0.046875 0.08333333
0 0.176120634026873 0.590788714495861 0.046875 0.08333333
0 0.0295724742498865 0.377163297747943 0.046875 0.08333333
0 0.155140574894151 0.503663150626865 0.046875 0.08333333
