0 0.900534801035812 0.788029165173281 0.046875 0.08333333
0 0.826825608201374 0.937746854654315 0.046875 0.08333333
0 0.766802666755762 0.885644654882746 0.046875 0.08333333
0 0.635521772784392 0.850939585650269 0.046875 0.08333333
0 0.493166584611781 0.616343137620541 0.046875 0.08333333
0 0.620277897539745 0.606313806251294 0.046875 0.08333333
0 0.728078906745967 0.473387642918892 0.046875 0.08333333
0 0.831818009920627 0.487405103222785 0.046875 0.08333333
0 0.90182154578694 0.279215726496102 0.046875 0.08333333
0 0.612802728993014 0.356652665111059 0.046875 0.08333333
0 0.546256461548836 0.199112680407204 0.046875 0.08333333
0 0.677401486013722 0.104999731260404 0.046875 0.08333333
0 0.466259251099193 0.251454955988188 0.046875 0.08333333
0 0.358680597747885 0.291541594560464 0.046875 0.08333333
0 0.248470530714374 0.224461245587271 0.046875 0.08333333
0 0.347016424454274 0.431478198995919 0.046875 0.08333333
0 0.229011638777832 0.731789397417179 0.046875 0.08333333
0 0.0700306294629865 0.384018094542442 0.046875 0.08333333
0 0.0654064724249331 0.12645966679754 0.046875 0.08333333
