0 0.0387057732259287 0.481594629276446 0.046875 0.08333333
0 0.20234375 0.4875 0.046875 0.08333333
0 0.371262140116049 0.509593216418033 0.046875 0.08333333
0 0.212971846634623 0.357292907261882 0.046875 0.08333333
0 0.448743043859532 0.549667307845117 0.046875 0.08333333
0 0.498201300857184 0.462664373859563 0.046875 0.08333333
0 0.607623155163453 0.712342858424723 0.046875 0.08333333
0 0.654529221107954 0.476634639126152 0.046875 0.08333333
0 0.796430265513658 0.415606332059983 0.046875 0.08333333
0 0.830537798779545 0.746155832037481 0.046875 0.08333333
0 0.872982018488079 0.490837574015681 0.046875 0.08333333
0 0.978459398803935 0.583400963934238 0.0430812023921305 0.08333333
