0 0.742742718978272 0.676958168498856 0.046875 0.08333333
0 0.7727323280453 0.428132209522795 0.046875 0.08333333
0 0.629200959683023 0.365140645690908 0.046875 0.08333333
0 0.648786780986844 0.49083097623774 0.046875 0.08333333
0 0.546690391532863 0.65531194659835 0.046875 0.08333333
0 0.51124244797974 0.519642549965463 0.046875 0.08333333
0 0.405384969696144 0.690753937921421 0.046875 0.08333333
0 0.387542004866163 0.494362236150423 0.046875 0.08333333
0 0.35517743707611 0.392842113676958 0.046875 0.08333333
0 0.336476991513284 0.775275581565176 0.046875 0.08333333
0 0.294272820664121 0.832188088919173 0.046875 0.08333333
0 0.153526977823286 0.709755204504166 0.046875 0.08333333
0 0.0741253824079021 0.526434606612545 0.046875 0.08333333
0 0.188640566748662 0.252899933785314 0.046875 0.08333333
0 0.277537300759789 0.294195139101089 0.046875 0.08333333
0 0.0185141507720521 0.749193911287731 0.00984669845589579 0.08333333
