0 0.05546875 0.6041666666666667 0.0546875 0.09722222222222222
0 0.22734375 0.6708333333333334 0.0546875 0.09722222222222222
0 0.35859375 0.5361111111111111 0.0546875 0.09722222222222222
0 0.4328125 0.5638888888888889 0.0546875 0.09722222222222222
0 0.5140625 0.4791666666666667 0.0546875 0.09722222222222222
0 0.4921875 0.7361111111111112 0.0546875 0.09722222222222222
0 0.39765625 0.8680555555555556 0.0546875 0.09722222222222222
0 0.55390625 0.6958333333333334 0.0546875 0.09722222222222222
0 0.60859375 0.6694444444444445 0.0546875 0.09722222222222222
0 0.7796875 0.5972222222222223 0.0546875 0.09722222222222222
0 0.7453125 0.788888888888889 0.0546875 0.09722222222222222
0 0.93515625 0.8069444444444445 0.0546875 0.09722222222222222
0 0.93203125 0.6027777777777779 0.0546875 0.09722222222222222