0 0.684375 0.5291666666666667 0.0546875 0.09722222222222222
0 0.60078125 0.6055555555555556 0.0546875 0.09722222222222222
0 0.54375 0.5361111111111111 0.0546875 0.09722222222222222
0 0.53125 0.24027777777777778 0.0546875 0.09722222222222222
0 0.403125 0.5375 0.0546875 0.09722222222222222
0 0.39140625 0.7388888888888889 0.0546875 0.09722222222222222
0 0.23125 0.5402777777777777 0.0546875 0.09722222222222222
0 0.2234375 0.37222222222222223 0.0546875 0.09722222222222222
0 0.16875 0.49583333333333335 0.0546875 0.09722222222222222
0 0.1234375 0.5527777777777778 0.0546875 0.09722222222222222
0 0.565625 0.35694444444444445 0.0546875 0.09722222222222222