0 0.56171875 0.6208333333333333 0.0546875 0.09722222222222222
0 0.5125 0.4861111111111111 0.0546875 0.09722222222222222
0 0.75234375 0.48194444444444445 0.0546875 0.09722222222222222
0 0.90859375 0.42777777777777776 0.0546875 0.09722222222222222
0 0.92421875 0.6430555555555556 0.0546875 0.09722222222222222
0 0.38359375 0.6583333333333334 0.0546875 0.09722222222222222
0 0.38515625 0.5222222222222223 0.0546875 0.09722222222222222
0 0.3515625 0.45694444444444443 0.0546875 0.09722222222222222
0 0.34609375 0.6583333333333334 0.0546875 0.09722222222222222
0 0.16796875 0.5722222222222223 0.0546875 0.09722222222222222
0 0.78671875 0.775 0.0546875 0.09722222222222222
0 0.59375 0.4888888888888889 0.0546875 0.09722222222222222