0 0.8875 0.4611111111111111 0.0546875 0.09722222222222222
0 0.81328125 0.5125000000000001 0.0546875 0.09722222222222222
0 0.8390625 0.6986111111111112 0.0546875 0.09722222222222222
0 0.671875 0.6083333333333334 0.0546875 0.09722222222222222
0 0.5890625 0.5555555555555556 0.0546875 0.09722222222222222
0 0.48046875 0.5361111111111111 0.0546875 0.09722222222222222
0 0.4390625 0.4736111111111111 0.0546875 0.09722222222222222
0 0.22890625 0.39305555555555555 0.0546875 0.09722222222222222
0 0.25078125 0.5972222222222223 0.0546875 0.09722222222222222
0 0.121875 0.5472222222222223 0.0546875 0.09722222222222222
0 0.065625 0.4361111111111111 0.0546875 0.09722222222222222