0 0.44140625 0.47638888888888886 0.0546875 0.09722222222222222
0 0.47734375 0.5402777777777777 0.0546875 0.09722222222222222
0 0.58671875 0.5569444444444445 0.0546875 0.09722222222222222
0 0.6671875 0.6083333333333334 0.0546875 0.09722222222222222
0 0.828125 0.6875 0.0546875 0.09722222222222222
0 0.81640625 0.5194444444444445 0.0546875 0.09722222222222222
0 0.884375 0.4611111111111111 0.0546875 0.09722222222222222
0 0.24921875 0.5888888888888889 0.0546875 0.09722222222222222
0 0.22890625 0.3902777777777778 0.0546875 0.09722222222222222
0 0.0625 0.43472222222222223 0.0546875 0.09722222222222222
0 0.11953125 0.5513888888888889 0.0546875 0.09722222222222222