0 0.565625 0.5305555555555556 0.0546875 0.09722222222222222
0 0.471875 0.4083333333333333 0.0546875 0.09722222222222222
0 0.38515625 0.4097222222222222 0.0546875 0.09722222222222222
0 0.3890625 0.6861111111111111 0.0546875 0.09722222222222222
0 0.51328125 0.7444444444444445 0.0546875 0.09722222222222222
0 0.5875 0.8 0.0546875 0.09722222222222222
0 0.65859375 0.5402777777777777 0.0546875 0.09722222222222222
0 0.78828125 0.6736111111111112 0.0546875 0.09722222222222222
0 0.92890625 0.7416666666666667 0.0546875 0.09722222222222222
0 0.8890625 0.625 0.0546875 0.09722222222222222
0 0.221875 0.5 0.0546875 0.09722222222222222
0 0.0296875 0.4513888888888889 0.0546875 0.09722222222222222
0 0.0828125 0.39444444444444443 0.0546875 0.09722222222222222