0 0.81171875 0.5111111111111112 0.0546875 0.09722222222222222
0 0.828125 0.6930555555555556 0.0546875 0.09722222222222222
0 0.87734375 0.45416666666666666 0.0546875 0.09722222222222222
0 0.66796875 0.6083333333333334 0.0546875 0.09722222222222222
0 0.5875 0.5611111111111111 0.0546875 0.09722222222222222
0 0.4765625 0.5361111111111111 0.0546875 0.09722222222222222
0 0.43671875 0.47638888888888886 0.0546875 0.09722222222222222
0 0.22890625 0.3875 0.0546875 0.09722222222222222
0 0.246875 0.5819444444444445 0.0546875 0.09722222222222222
0 0.1203125 0.5527777777777778 0.0546875 0.09722222222222222
0 0.0640625 0.43194444444444446 0.0546875 0.09722222222222222