0 0.59453125 0.6027777777777779 0.0546875 0.09722222222222222
0 0.684375 0.5291666666666667 0.0546875 0.09722222222222222
0 0.540625 0.5305555555555556 0.0546875 0.09722222222222222
0 0.5296875 0.25416666666666665 0.0546875 0.09722222222222222
0 0.4015625 0.5430555555555556 0.0546875 0.09722222222222222
0 0.38203125 0.7388888888888889 0.0546875 0.09722222222222222
0 0.23046875 0.5430555555555556 0.0546875 0.09722222222222222
0 0.21875 0.3736111111111111 0.0546875 0.09722222222222222
0 0.165625 0.49027777777777776 0.0546875 0.09722222222222222
0 0.11875 0.5597222222222222 0.0546875 0.09722222222222222
0 0.5640625 0.3541666666666667 0.0546875 0.09722222222222222