0 0.42890625 0.6902777777777779 0.0546875 0.09722222222222222
0 0.3765625 0.5833333333333334 0.0546875 0.09722222222222222
0 0.42109375 0.5125000000000001 0.0546875 0.09722222222222222
0 0.14375 0.49583333333333335 0.0546875 0.09722222222222222
0 0.06171875 0.5416666666666667 0.0546875 0.09722222222222222
0 0.084375 0.7180555555555556 0.0546875 0.09722222222222222
0 0.62265625 0.6416666666666667 0.0546875 0.09722222222222222
0 0.5859375 0.5402777777777777 0.0546875 0.09722222222222222
0 0.66171875 0.4930555555555555 0.0546875 0.09722222222222222
0 0.78671875 0.6777777777777778 0.0546875 0.09722222222222222
0 0.84921875 0.5805555555555556 0.0546875 0.09722222222222222
0 0.87734375 0.45694444444444443 0.0546875 0.09722222222222222
0 0.93984375 0.5180555555555556 0.0546875 0.09722222222222222