0 0.37421875 0.5861111111111111 0.0546875 0.09722222222222222
0 0.42734375 0.6944444444444445 0.0546875 0.09722222222222222
0 0.4203125 0.5125000000000001 0.0546875 0.09722222222222222
0 0.1375 0.4888888888888889 0.0546875 0.09722222222222222
0 0.059375 0.5430555555555556 0.0546875 0.09722222222222222
0 0.08515625 0.7111111111111111 0.0546875 0.09722222222222222
0 0.6234375 0.6430555555555556 0.0546875 0.09722222222222222
0 0.65703125 0.4930555555555555 0.0546875 0.09722222222222222
0 0.7828125 0.6861111111111111 0.0546875 0.09722222222222222
0 0.84921875 0.5888888888888889 0.0546875 0.09722222222222222
0 0.87734375 0.4597222222222222 0.0546875 0.09722222222222222
0 0.9328125 0.5194444444444445 0.0546875 0.09722222222222222