0 0.8796875 0.4875 0.0546875 0.09722222222222222
0 0.89453125 0.7319444444444445 0.0546875 0.09722222222222222
0 0.7671875 0.6888888888888889 0.0546875 0.09722222222222222
0 0.68203125 0.5277777777777778 0.0546875 0.09722222222222222
0 0.5046875 0.5652777777777779 0.0546875 0.09722222222222222
0 0.42734375 0.5611111111111111 0.0546875 0.09722222222222222
0 0.44765625 0.6833333333333333 0.0546875 0.09722222222222222
0 0.4578125 0.41527777777777775 0.0546875 0.09722222222222222
0 0.29140625 0.4583333333333333 0.0546875 0.09722222222222222
0 0.3109375 0.2861111111111111 0.0546875 0.09722222222222222
0 0.178125 0.5166666666666667 0.0546875 0.09722222222222222
0 0.18515625 0.42916666666666664 0.0546875 0.09722222222222222
0 0.1859375 0.7027777777777778 0.0546875 0.09722222222222222