0 0.34453125 0.663888888888889 0.0546875 0.09722222222222222
0 0.353125 0.4597222222222222 0.0546875 0.09722222222222222
0 0.38671875 0.5236111111111111 0.0546875 0.09722222222222222
0 0.559375 0.6236111111111111 0.0546875 0.09722222222222222
0 0.5125 0.4791666666666667 0.0546875 0.09722222222222222
0 0.74765625 0.47638888888888886 0.0546875 0.09722222222222222
0 0.78203125 0.7722222222222223 0.0546875 0.09722222222222222
0 0.91953125 0.6402777777777778 0.0546875 0.09722222222222222
0 0.9046875 0.42916666666666664 0.0546875 0.09722222222222222
0 0.16484375 0.5750000000000001 0.0546875 0.09722222222222222
0 0.59453125 0.4888888888888889 0.0546875 0.09722222222222222