0 0.165625 0.5805555555555556 0.0546875 0.09722222222222222
0 0.34609375 0.6583333333333334 0.0546875 0.09722222222222222
0 0.35390625 0.4583333333333333 0.0546875 0.09722222222222222
0 0.56171875 0.625 0.0546875 0.09722222222222222
0 0.515625 0.48194444444444445 0.0546875 0.09722222222222222
0 0.753125 0.47638888888888886 0.0546875 0.09722222222222222
0 0.78125 0.7736111111111111 0.0546875 0.09722222222222222
0 0.92578125 0.6472222222222223 0.0546875 0.09722222222222222
0 0.91015625 0.4305555555555555 0.0546875 0.09722222222222222
0 0.81328125 0.5861111111111111 0.0546875 0.09722222222222222
0 0.5953125 0.4930555555555555 0.0546875 0.09722222222222222
0 0.38671875 0.525 0.0546875 0.09722222222222222
0 0.3859375 0.6541666666666667 0.0546875 0.09722222222222222
0 0.6859375 0.5805555555555556 0.0546875 0.09722222222222222