0 0.22421875 0.49444444444444446 0.0546875 0.09722222222222222
0 0.0796875 0.3972222222222222 0.0546875 0.09722222222222222
0 0.03203125 0.45555555555555555 0.0546875 0.09722222222222222
0 0.3890625 0.6875 0.0546875 0.09722222222222222
0 0.38828125 0.4097222222222222 0.0546875 0.09722222222222222
0 0.5671875 0.5402777777777777 0.0546875 0.09722222222222222
0 0.47265625 0.40694444444444444 0.0546875 0.09722222222222222
0 0.5109375 0.7388888888888889 0.0546875 0.09722222222222222
0 0.58515625 0.8027777777777778 0.0546875 0.09722222222222222
0 0.65625 0.5472222222222223 0.0546875 0.09722222222222222
0 0.78203125 0.6694444444444445 0.0546875 0.09722222222222222
0 0.8875 0.6277777777777779 0.0546875 0.09722222222222222
0 0.92890625 0.7513888888888889 0.0546875 0.09722222222222222