0 0.54140625 0.5375 0.0546875 0.09722222222222222
0 0.565625 0.3541666666666667 0.0546875 0.09722222222222222
0 0.5296875 0.24444444444444444 0.0546875 0.09722222222222222
0 0.6875 0.5333333333333333 0.0546875 0.09722222222222222
0 0.59609375 0.6027777777777779 0.0546875 0.09722222222222222
0 0.40546875 0.5416666666666667 0.0546875 0.09722222222222222
0 0.3859375 0.7388888888888889 0.0546875 0.09722222222222222
0 0.23125 0.5416666666666667 0.0546875 0.09722222222222222
0 0.21953125 0.375 0.0546875 0.09722222222222222
0 0.165625 0.4930555555555555 0.0546875 0.09722222222222222
0 0.12109375 0.55 0.0546875 0.09722222222222222