0 0.38984375 0.6861111111111111 0.0546875 0.09722222222222222
0 0.38828125 0.4125 0.0546875 0.09722222222222222
0 0.56875 0.5333333333333333 0.0546875 0.09722222222222222
0 0.4703125 0.40694444444444444 0.0546875 0.09722222222222222
0 0.5875 0.8 0.0546875 0.09722222222222222
0 0.51015625 0.7416666666666667 0.0546875 0.09722222222222222
0 0.2234375 0.49583333333333335 0.0546875 0.09722222222222222
0 0.03125 0.45416666666666666 0.0546875 0.09722222222222222
0 0.08125 0.4041666666666667 0.0546875 0.09722222222222222
0 0.65546875 0.5444444444444445 0.0546875 0.09722222222222222
0 0.78828125 0.6833333333333333 0.0546875 0.09722222222222222
0 0.9265625 0.7430555555555556 0.0546875 0.09722222222222222