0 0.45 0.4305555555555555 0.0546875 0.09722222222222222
0 0.3625 0.5750000000000001 0.0546875 0.09722222222222222
0 0.0625 0.38472222222222224 0.0546875 0.09722222222222222
0 0.0265625 0.5750000000000001 0.0515625 0.09722222222222222
0 0.24609375 0.49722222222222223 0.0546875 0.09722222222222222
0 0.26328125 0.6527777777777778 0.0546875 0.09722222222222222
0 0.6484375 0.4652777777777778 0.0546875 0.09722222222222222
0 0.6515625 0.6069444444444445 0.0546875 0.09722222222222222
0 0.690625 0.47638888888888886 0.0546875 0.09722222222222222
0 0.79375 0.576388888888889 0.0546875 0.09722222222222222
0 0.865625 0.49583333333333335 0.0546875 0.09722222222222222