0 0.0609375 0.5986111111111112 0.0546875 0.09722222222222222
0 0.2234375 0.6680555555555556 0.0546875 0.09722222222222222
0 0.06796875 0.7958333333333334 0.0546875 0.09722222222222222
0 0.353125 0.5486111111111112 0.0546875 0.09722222222222222
0 0.43671875 0.5555555555555556 0.0546875 0.09722222222222222
0 0.5125 0.4791666666666667 0.0546875 0.09722222222222222
0 0.396875 0.8666666666666667 0.0546875 0.09722222222222222
0 0.48828125 0.7222222222222223 0.0546875 0.09722222222222222
0 0.5546875 0.6958333333333334 0.0546875 0.09722222222222222
0 0.60859375 0.6777777777777778 0.0546875 0.09722222222222222
0 0.74375 0.7861111111111112 0.0546875 0.09722222222222222
0 0.77890625 0.5930555555555556 0.0546875 0.09722222222222222
0 0.74375 0.4722222222222222 0.0546875 0.09722222222222222
0 0.93359375 0.8041666666666667 0.0546875 0.09722222222222222
0 0.975390625 0.7000000000000001 0.04765625 0.09722222222222222
0 0.93515625 0.5972222222222223 0.0546875 0.09722222222222222