0 0.75234375 0.4097222222222222 0.0546875 0.09722222222222222
0 0.7421875 0.638888888888889 0.0546875 0.09722222222222222
0 0.9453125 0.6486111111111111 0.0546875 0.09722222222222222
0 0.59296875 0.7472222222222222 0.0546875 0.09722222222222222
0 0.6171875 0.40555555555555556 0.0546875 0.09722222222222222
0 0.465625 0.45 0.0546875 0.09722222222222222
0 0.45234375 0.6027777777777779 0.0546875 0.09722222222222222
0 0.41953125 0.8847222222222223 0.0546875 0.09722222222222222
0 0.32109375 0.5305555555555556 0.0546875 0.09722222222222222
0 0.4234375 0.23888888888888887 0.0546875 0.09722222222222222
0 0.1953125 0.4125 0.0546875 0.09722222222222222
0 0.18203125 0.6083333333333334 0.0546875 0.09722222222222222
0 0.0421875 0.5680555555555556 0.0546875 0.09722222222222222
0 0.6484375 0.7708333333333334 0.0546875 0.09722222222222222