0 0.30859375 0.28194444444444444 0.0546875 0.09722222222222222
0 0.29140625 0.4597222222222222 0.0546875 0.09722222222222222
0 0.184375 0.42083333333333334 0.0546875 0.09722222222222222
0 0.17109375 0.5277777777777778 0.0546875 0.09722222222222222
0 0.18046875 0.6944444444444445 0.0546875 0.09722222222222222
0 0.4265625 0.5625 0.0546875 0.09722222222222222
0 0.5015625 0.5708333333333334 0.0546875 0.09722222222222222
0 0.45 0.6833333333333333 0.0546875 0.09722222222222222
0 0.46015625 0.4125 0.0546875 0.09722222222222222
0 0.67734375 0.525 0.0546875 0.09722222222222222
0 0.765625 0.6805555555555556 0.0546875 0.09722222222222222
0 0.89140625 0.726388888888889 0.0546875 0.09722222222222222
0 0.8796875 0.49583333333333335 0.0546875 0.09722222222222222