0 0.75 0.4027777777777778 0.0546875 0.09722222222222222
0 0.61640625 0.4125 0.0546875 0.09722222222222222
0 0.74140625 0.6416666666666667 0.0546875 0.09722222222222222
0 0.94609375 0.6333333333333334 0.0546875 0.09722222222222222
0 0.653125 0.7666666666666667 0.0546875 0.09722222222222222
0 0.58984375 0.7472222222222222 0.0546875 0.09722222222222222
0 0.45234375 0.5972222222222223 0.0546875 0.09722222222222222
0 0.46640625 0.45694444444444443 0.0546875 0.09722222222222222
0 0.42734375 0.23888888888888887 0.0546875 0.09722222222222222
0 0.41953125 0.8875000000000001 0.0546875 0.09722222222222222
0 0.32265625 0.5333333333333333 0.0546875 0.09722222222222222
0 0.19375 0.40694444444444444 0.0546875 0.09722222222222222
0 0.18359375 0.6222222222222222 0.0546875 0.09722222222222222
0 0.04296875 0.5694444444444445 0.0546875 0.09722222222222222