0 0.45390625 0.6027777777777779 0.0546875 0.09722222222222222
0 0.46796875 0.4513888888888889 0.0546875 0.09722222222222222
0 0.32265625 0.5319444444444444 0.0546875 0.09722222222222222
0 0.18125 0.6111111111111112 0.0546875 0.09722222222222222
0 0.196875 0.40694444444444444 0.0546875 0.09722222222222222
0 0.0390625 0.5666666666666668 0.0546875 0.09722222222222222
0 0.41640625 0.8847222222222223 0.0546875 0.09722222222222222
0 0.5953125 0.75 0.0546875 0.09722222222222222
0 0.615625 0.42083333333333334 0.0546875 0.09722222222222222
0 0.75078125 0.4027777777777778 0.0546875 0.09722222222222222
0 0.7390625 0.6375000000000001 0.0546875 0.09722222222222222
0 0.95 0.6444444444444445 0.0546875 0.09722222222222222
0 0.42578125 0.25 0.0546875 0.09722222222222222