0 0.3578125 0.5388888888888889 0.0546875 0.09722222222222222
0 0.42890625 0.5666666666666668 0.0546875 0.09722222222222222
0 0.515625 0.4888888888888889 0.0546875 0.09722222222222222
0 0.48984375 0.7333333333333334 0.0546875 0.09722222222222222
0 0.55625 0.6972222222222223 0.0546875 0.09722222222222222
0 0.609375 0.6833333333333333 0.0546875 0.09722222222222222
0 0.39453125 0.8666666666666667 0.0546875 0.09722222222222222
0 0.22578125 0.6777777777777778 0.0546875 0.09722222222222222
0 0.05 0.5986111111111112 0.0546875 0.09722222222222222
0 0.77890625 0.5916666666666667 0.0546875 0.09722222222222222
0 0.74765625 0.7930555555555556 0.0546875 0.09722222222222222
0 0.9328125 0.8041666666666667 0.0546875 0.09722222222222222
0 0.976953125 0.6972222222222223 0.04453125 0.09722222222222222
0 0.93046875 0.5986111111111112 0.0546875 0.09722222222222222
0 0.7421875 0.4888888888888889 0.0546875 0.09722222222222222