0 0.43203125 0.6972222222222223 0.0546875 0.09722222222222222
0 0.3765625 0.5875 0.0546875 0.09722222222222222
0 0.06171875 0.5430555555555556 0.0546875 0.09722222222222222
0 0.1421875 0.49166666666666664 0.0546875 0.09722222222222222
0 0.08203125 0.7138888888888889 0.0546875 0.09722222222222222
0 0.6625 0.5013888888888889 0.0546875 0.09722222222222222
0 0.625 0.6361111111111112 0.0546875 0.09722222222222222
0 0.7890625 0.6944444444444445 0.0546875 0.09722222222222222
0 0.846875 0.5833333333333334 0.0546875 0.09722222222222222
0 0.87890625 0.46805555555555556 0.0546875 0.09722222222222222
0 0.93671875 0.5277777777777778 0.0546875 0.09722222222222222
0 0.41953125 0.5097222222222223 0.0546875 0.09722222222222222