0 0.44609375 0.4263888888888889 0.0546875 0.09722222222222222
0 0.65 0.4652777777777778 0.0546875 0.09722222222222222
0 0.6890625 0.47638888888888886 0.0546875 0.09722222222222222
0 0.79453125 0.5833333333333334 0.0546875 0.09722222222222222
0 0.8671875 0.5 0.0546875 0.09722222222222222
0 0.65546875 0.6111111111111112 0.0546875 0.09722222222222222
0 0.36171875 0.5750000000000001 0.0546875 0.09722222222222222
0 0.26484375 0.6555555555555556 0.0546875 0.09722222222222222
0 0.0640625 0.3888888888888889 0.0546875 0.09722222222222222
0 0.026953125 0.5819444444444445 0.05234375 0.09722222222222222
0 0.2453125 0.5 0.0546875 0.09722222222222222