0 0.30859375 0.29305555555555557 0.0546875 0.09722222222222222
0 0.290625 0.45416666666666666 0.0546875 0.09722222222222222
0 0.1828125 0.42916666666666664 0.0546875 0.09722222222222222
0 0.171875 0.5305555555555556 0.0546875 0.09722222222222222
0 0.18515625 0.7000000000000001 0.0546875 0.09722222222222222
0 0.42890625 0.5625 0.0546875 0.09722222222222222
0 0.46171875 0.41944444444444445 0.0546875 0.09722222222222222
0 0.5078125 0.5708333333333334 0.0546875 0.09722222222222222
0 0.446875 0.6833333333333333 0.0546875 0.09722222222222222
0 0.6796875 0.5277777777777778 0.0546875 0.09722222222222222
0 0.7640625 0.6791666666666667 0.0546875 0.09722222222222222
0 0.8796875 0.49027777777777776 0.0546875 0.09722222222222222
0 0.94765625 0.4041666666666667 0.0546875 0.09722222222222222
0 0.89140625 0.7250000000000001 0.0546875 0.09722222222222222