0 0.6015625 0.4 0.046875 0.0833333333333333
0 0.0953125 0.520833333333333 0.046875 0.0833333333333333
0 0.33125 0.477777777777778 0.046875 0.0833333333333333
0 0.85078125 0.476388888888889 0.046875 0.0833333333333333
0 0.20859375 0.404166666666667 0.046875 0.0833333333333333
0 0.78125 0.3125 0.046875 0.0833333333333333
0 0.41796875 0.479166666666667 0.046875 0.0833333333333333
0 0.90546875 0.311111111111111 0.046875 0.0833333333333333
0 0.18984375 0.515277777777778 0.046875 0.0833333333333333
0 0.87578125 0.395833333333333 0.046875 0.0833333333333333
