0 0.5484375 0.511111111111111 0.046875 0.0833333333333333
0 0.215625 0.354166666666667 0.046875 0.0833333333333333
0 0.0859375 0.376388888888889 0.046875 0.0833333333333333
0 0.3375 0.397222222222222 0.046875 0.0833333333333333
0 0.51171875 0.429166666666667 0.046875 0.0833333333333333
0 0.78828125 0.631944444444444 0.046875 0.0833333333333333
0 0.69921875 0.319444444444444 0.046875 0.0833333333333333
0 0.85390625 0.579166666666667 0.046875 0.0833333333333333
0 0.49296875 0.606944444444444 0.046875 0.0833333333333333
0 0.21484375 0.554166666666667 0.046875 0.0833333333333333
