0 0.2109375 0.488888888888889 0.046875 0.0833333333333333
0 0.56171875 0.576388888888889 0.046875 0.0833333333333333
0 0.709375 0.673611111111111 0.046875 0.0833333333333333
0 0.5453125 0.302777777777778 0.046875 0.0833333333333333
0 0.959375 0.627777777777778 0.046875 0.0833333333333333
0 0.24765625 0.298611111111111 0.046875 0.0833333333333333
0 0.56328125 0.752777777777778 0.046875 0.0833333333333333
0 0.16171875 0.379166666666667 0.046875 0.0833333333333333
0 0.44140625 0.365277777777778 0.046875 0.0833333333333333
0 0.5765625 0.209722222222222 0.046875 0.0833333333333333
0 0.75859375 0.480555555555556 0.046875 0.0833333333333333
0 0.8234375 0.491666666666667 0.046875 0.0833333333333333
0 0.58359375 0.345833333333333 0.046875 0.0833333333333333
0 0.74921875 0.269444444444444 0.046875 0.0833333333333333
0 0.43125 0.595833333333333 0.046875 0.0833333333333333
