0 0.02109375 0.484722222222222 0.040625 0.0833333333333333
0 0.61640625 0.388888888888889 0.046875 0.0833333333333333
0 0.39921875 0.315277777777778 0.046875 0.0833333333333333
0 0.29765625 0.593055555555556 0.046875 0.0833333333333333
0 0.45390625 0.4125 0.046875 0.0833333333333333
0 0.6578125 0.552777777777778 0.046875 0.0833333333333333
0 0.1640625 0.355555555555556 0.046875 0.0833333333333333
0 0.9265625 0.273611111111111 0.046875 0.0833333333333333
0 0.38671875 0.8875 0.046875 0.0833333333333333
0 0.1 0.643055555555555 0.046875 0.0833333333333333
