0 0.74609375 0.348611111111111 0.046875 0.0833333333333333
0 0.82265625 0.519444444444444 0.046875 0.0833333333333333
0 0.13671875 0.376388888888889 0.046875 0.0833333333333333
0 0.40546875 0.556944444444444 0.046875 0.0833333333333333
0 0.09765625 0.35 0.046875 0.0833333333333333
0 0.28828125 0.5125 0.046875 0.0833333333333333
0 0.50703125 0.256944444444444 0.046875 0.0833333333333333
0 0.31171875 0.302777777777778 0.046875 0.0833333333333333
0 0.20859375 0.0736111111111111 0.046875 0.0833333333333333
0 0.55703125 0.443055555555556 0.046875 0.0833333333333333
0 0.26484375 0.141666666666667 0.046875 0.0833333333333333
0 0.08828125 0.568055555555556 0.046875 0.0833333333333333
0 0.81796875 0.175 0.046875 0.0833333333333333
0 0.38828125 0.323611111111111 0.046875 0.0833333333333333
