0 0.76640625 0.354166666666667 0.046875 0.0833333333333333
0 0.47578125 0.656944444444444 0.046875 0.0833333333333333
0 0.08125 0.372222222222222 0.046875 0.0833333333333333
0 0.08671875 0.230555555555556 0.046875 0.0833333333333333
0 0.29921875 0.659722222222222 0.046875 0.0833333333333333
0 0.47578125 0.4875 0.046875 0.0833333333333333
0 0.10546875 0.545833333333333 0.046875 0.0833333333333333
0 0.30390625 0.4 0.046875 0.0833333333333333
0 0.24453125 0.218055555555556 0.046875 0.0833333333333333
0 0.95703125 0.473611111111111 0.046875 0.0833333333333333
0 0.34921875 0.263888888888889 0.046875 0.0833333333333333
0 0.53203125 0.463888888888889 0.046875 0.0833333333333333
0 0.65546875 0.398611111111111 0.046875 0.0833333333333333
