0 0.215625 0.434722222222222 0.046875 0.0833333333333333
0 0.71640625 0.511111111111111 0.046875 0.0833333333333333
0 0.98125 0.505555555555556 0.0359375 0.0833333333333333
0 0.50546875 0.397222222222222 0.046875 0.0833333333333333
0 0.4015625 0.884722222222222 0.046875 0.0833333333333333
0 0.42734375 0.356944444444444 0.046875 0.0833333333333333
0 0.34765625 0.505555555555556 0.046875 0.0833333333333333
0 0.53671875 0.805555555555555 0.046875 0.0833333333333333
0 0.41015625 0.418055555555556 0.046875 0.0833333333333333
0 0.27265625 0.720833333333333 0.046875 0.0833333333333333
0 0.28359375 0.418055555555556 0.046875 0.0833333333333333
0 0.52578125 0.448611111111111 0.046875 0.0833333333333333
0 0.76171875 0.309722222222222 0.046875 0.0833333333333333
0 0.38046875 0.795833333333333 0.046875 0.0833333333333333
0 0.56328125 0.6625 0.046875 0.0833333333333333
0 0.64296875 0.466666666666667 0.046875 0.0833333333333333
