0 0.071875 0.205555555555556 0.046875 0.0833333333333333
0 0.778125 0.852777777777778 0.046875 0.0833333333333333
0 0.49296875 0.840277777777778 0.046875 0.0833333333333333
0 0.20703125 0.701388888888889 0.046875 0.0833333333333333
0 0.78515625 0.620833333333333 0.046875 0.0833333333333333
0 0.61953125 0.358333333333333 0.046875 0.0833333333333333
0 0.05234375 0.381944444444444 0.046875 0.0833333333333333
0 0.10546875 0.445833333333333 0.046875 0.0833333333333333
0 0.91640625 0.484722222222222 0.046875 0.0833333333333333
0 0.67890625 0.563888888888889 0.046875 0.0833333333333333
0 0.30234375 0.259722222222222 0.046875 0.0833333333333333
