0 0.6578125 0.369444444444444 0.046875 0.0833333333333333
0 0.37421875 0.420833333333333 0.046875 0.0833333333333333
0 0.56171875 0.523611111111111 0.046875 0.0833333333333333
0 0.82109375 0.227777777777778 0.046875 0.0833333333333333
0 0.7125 0.695833333333333 0.046875 0.0833333333333333
0 0.87890625 0.538888888888889 0.046875 0.0833333333333333
0 0.10703125 0.358333333333333 0.046875 0.0833333333333333
0 0.982421875 0.283333333333333 0.03359375 0.0833333333333333
0 0.0625 0.706944444444444 0.046875 0.0833333333333333
0 0.93203125 0.641666666666667 0.046875 0.0833333333333333
