0 0.81796875 0.381944444444444 0.046875 0.0833333333333333
0 0.84140625 0.669444444444444 0.046875 0.0833333333333333
0 0.28359375 0.626388888888889 0.046875 0.0833333333333333
0 0.19609375 0.5125 0.046875 0.0833333333333333
0 0.55546875 0.501388888888889 0.046875 0.0833333333333333
0 0.79609375 0.534722222222222 0.046875 0.0833333333333333
0 0.6515625 0.784722222222222 0.046875 0.0833333333333333
0 0.78671875 0.781944444444444 0.046875 0.0833333333333333
0 0.39140625 0.530555555555556 0.046875 0.0833333333333333
0 0.58515625 0.276388888888889 0.046875 0.0833333333333333
0 0.3375 0.315277777777778 0.046875 0.0833333333333333
