0 0.134375 0.369444444444444 0.046875 0.0833333333333333
0 0.915625 0.609722222222222 0.046875 0.0833333333333333
0 0.2734375 0.304166666666667 0.046875 0.0833333333333333
0 0.7140625 0.447222222222222 0.046875 0.0833333333333333
0 0.71015625 0.629166666666667 0.046875 0.0833333333333333
0 0.3484375 0.504166666666667 0.046875 0.0833333333333333
0 0.67734375 0.368055555555556 0.046875 0.0833333333333333
0 0.425 0.304166666666667 0.046875 0.0833333333333333
0 0.68046875 0.661111111111111 0.046875 0.0833333333333333
0 0.54296875 0.551388888888889 0.046875 0.0833333333333333
0 0.15078125 0.448611111111111 0.046875 0.0833333333333333
