0 0.36796875 0.498611111111111 0.046875 0.0833333333333333
0 0.39453125 0.698611111111111 0.046875 0.0833333333333333
0 0.0296875 0.736111111111111 0.046875 0.0833333333333333
0 0.75703125 0.426388888888889 0.046875 0.0833333333333333
0 0.54140625 0.630555555555556 0.046875 0.0833333333333333
0 0.746875 0.683333333333333 0.046875 0.0833333333333333
0 0.0640625 0.543055555555556 0.046875 0.0833333333333333
0 0.2625 0.2875 0.046875 0.0833333333333333
0 0.50546875 0.523611111111111 0.046875 0.0833333333333333
0 0.29375 0.822222222222222 0.046875 0.0833333333333333
0 0.16328125 0.715277777777778 0.046875 0.0833333333333333
0 0.35703125 0.395833333333333 0.046875 0.0833333333333333
0 0.334375 0.756944444444444 0.046875 0.0833333333333333
0 0.62890625 0.365277777777778 0.046875 0.0833333333333333
0 0.63125 0.5 0.046875 0.0833333333333333
0 0.19140625 0.254166666666667 0.046875 0.0833333333333333
