0 0.35390625 0.402777777777778 0.046875 0.0833333333333333
0 0.54765625 0.395833333333333 0.046875 0.0833333333333333
0 0.6515625 0.476388888888889 0.046875 0.0833333333333333
0 0.20234375 0.501388888888889 0.046875 0.0833333333333333
0 0.92421875 0.3625 0.046875 0.0833333333333333
0 0.79140625 0.704166666666667 0.046875 0.0833333333333333
0 0.94140625 0.620833333333333 0.046875 0.0833333333333333
0 0.3515625 0.595833333333333 0.046875 0.0833333333333333
0 0.58203125 0.723611111111111 0.046875 0.0833333333333333
0 0.52734375 0.556944444444444 0.046875 0.0833333333333333
0 0.76015625 0.280555555555556 0.046875 0.0833333333333333
