0 0.22265625 0.245833333333333 0.046875 0.0833333333333333
0 0.61328125 0.605555555555556 0.046875 0.0833333333333333
0 0.08515625 0.384722222222222 0.046875 0.0833333333333333
0 0.63828125 0.354166666666667 0.046875 0.0833333333333333
0 0.89609375 0.268055555555556 0.046875 0.0833333333333333
0 0.83515625 0.934722222222222 0.046875 0.0833333333333333
0 0.70859375 0.461111111111111 0.046875 0.0833333333333333
0 0.75234375 0.877777777777778 0.046875 0.0833333333333333
0 0.21484375 0.740277777777778 0.046875 0.0833333333333333
0 0.32734375 0.4375 0.046875 0.0833333333333333
