0 0.059375 0.6152777777777778 0.0546875 0.09722222222222222
0 0.22578125 0.6791666666666667 0.0546875 0.09722222222222222
0 0.29921875 0.4652777777777778 0.0546875 0.09722222222222222
0 0.36328125 0.5444444444444445 0.0546875 0.09722222222222222
0 0.3953125 0.8791666666666668 0.0546875 0.09722222222222222
0 0.48828125 0.7375 0.0546875 0.09722222222222222
0 0.42734375 0.5597222222222222 0.0546875 0.09722222222222222
0 0.5171875 0.47638888888888886 0.0546875 0.09722222222222222
0 0.553125 0.701388888888889 0.0546875 0.09722222222222222
0 0.6046875 0.6708333333333334 0.0546875 0.09722222222222222
0 0.75078125 0.8 0.0546875 0.09722222222222222
0 0.7890625 0.5972222222222223 0.0546875 0.09722222222222222
0 0.74453125 0.49027777777777776 0.0546875 0.09722222222222222
0 0.93203125 0.8166666666666668 0.0546875 0.09722222222222222
0 0.9765625 0.7069444444444445 0.0453125 0.09722222222222222
0 0.93671875 0.6138888888888889 0.0546875 0.09722222222222222