0 0.9328125 0.8152777777777779 0.0546875 0.09722222222222222
0 0.977734375 0.6972222222222223 0.04296875 0.09722222222222222
0 0.93828125 0.6041666666666667 0.0546875 0.09722222222222222
0 0.981640625 0.5638888888888889 0.03515625 0.09722222222222222
0 0.7875 0.5958333333333334 0.0546875 0.09722222222222222
0 0.74921875 0.8041666666666667 0.0546875 0.09722222222222222
0 0.6109375 0.6791666666666667 0.0546875 0.09722222222222222
0 0.55703125 0.701388888888889 0.0546875 0.09722222222222222
0 0.49453125 0.7361111111111112 0.0546875 0.09722222222222222
0 0.43203125 0.5611111111111111 0.0546875 0.09722222222222222
0 0.515625 0.48055555555555557 0.0546875 0.09722222222222222
0 0.35859375 0.5430555555555556 0.0546875 0.09722222222222222
0 0.39375 0.8819444444444445 0.0546875 0.09722222222222222
0 0.23046875 0.675 0.0546875 0.09722222222222222
0 0.0578125 0.6166666666666667 0.0546875 0.09722222222222222