0 0.875 0.49583333333333335 0.0546875 0.09722222222222222
0 0.89140625 0.726388888888889 0.0546875 0.09722222222222222
0 0.77421875 0.6888888888888889 0.0546875 0.09722222222222222
0 0.67890625 0.5291666666666667 0.0546875 0.09722222222222222
0 0.50390625 0.5652777777777779 0.0546875 0.09722222222222222
0 0.453125 0.4166666666666667 0.0546875 0.09722222222222222
0 0.43046875 0.5680555555555556 0.0546875 0.09722222222222222
0 0.44609375 0.6736111111111112 0.0546875 0.09722222222222222
0 0.28828125 0.45 0.0546875 0.09722222222222222
0 0.3046875 0.2861111111111111 0.0546875 0.09722222222222222
0 0.18359375 0.41805555555555557 0.0546875 0.09722222222222222
0 0.165625 0.5416666666666667 0.0546875 0.09722222222222222
0 0.184375 0.7069444444444445 0.0546875 0.09722222222222222