0 0.03046875 0.46249999999999997 0.0546875 0.09722222222222222
0 0.06953125 0.48333333333333334 0.0546875 0.09722222222222222
0 0.04921875 0.5972222222222223 0.0546875 0.09722222222222222
0 0.22421875 0.49583333333333335 0.0546875 0.09722222222222222
0 0.38515625 0.6958333333333334 0.0546875 0.09722222222222222
0 0.39453125 0.41388888888888886 0.0546875 0.09722222222222222
0 0.4734375 0.4097222222222222 0.0546875 0.09722222222222222
0 0.4734375 0.4097222222222222 0.0546875 0.09722222222222222
0 0.51171875 0.7291666666666667 0.0546875 0.09722222222222222
0 0.58203125 0.8027777777777778 0.0546875 0.09722222222222222
0 0.56953125 0.5347222222222222 0.0546875 0.09722222222222222
0 0.66328125 0.5472222222222223 0.0546875 0.09722222222222222
0 0.78515625 0.6694444444444445 0.0546875 0.09722222222222222
0 0.76875 0.4875 0.0546875 0.09722222222222222
0 0.8890625 0.6291666666666668 0.0546875 0.09722222222222222
0 0.92421875 0.7569444444444445 0.0546875 0.09722222222222222