0 0.028125 0.5819444444444445 0.0546875 0.09722222222222222
0 0.06640625 0.3902777777777778 0.0546875 0.09722222222222222
0 0.22734375 0.4166666666666667 0.0546875 0.09722222222222222
0 0.24453125 0.5083333333333333 0.0546875 0.09722222222222222
0 0.29921875 0.39166666666666666 0.0546875 0.09722222222222222
0 0.2671875 0.6652777777777779 0.0546875 0.09722222222222222
0 0.36171875 0.5736111111111112 0.0546875 0.09722222222222222
0 0.45234375 0.44305555555555554 0.0546875 0.09722222222222222
0 0.6515625 0.4722222222222222 0.0546875 0.09722222222222222
0 0.6609375 0.6111111111111112 0.0546875 0.09722222222222222
0 0.69765625 0.49444444444444446 0.0546875 0.09722222222222222
0 0.80078125 0.5916666666666667 0.0546875 0.09722222222222222
0 0.87109375 0.4986111111111111 0.0546875 0.09722222222222222