0 0.028125 0.5916666666666667 0.0546875 0.09722222222222222
0 0.0703125 0.39305555555555555 0.0546875 0.09722222222222222
0 0.24921875 0.5041666666666667 0.0546875 0.09722222222222222
0 0.225 0.4125 0.0546875 0.09722222222222222
0 0.28828125 0.3902777777777778 0.0546875 0.09722222222222222
0 0.36171875 0.576388888888889 0.0546875 0.09722222222222222
0 0.45546875 0.43194444444444446 0.0546875 0.09722222222222222
0 0.64765625 0.46249999999999997 0.0546875 0.09722222222222222
0 0.65078125 0.6138888888888889 0.0546875 0.09722222222222222
0 0.69609375 0.5097222222222223 0.0546875 0.09722222222222222
0 0.79765625 0.5875 0.0546875 0.09722222222222222
0 0.86953125 0.49583333333333335 0.0546875 0.09722222222222222