0 0.93359375 0.7527777777777779 0.0546875 0.09722222222222222
0 0.8921875 0.6319444444444445 0.0546875 0.09722222222222222
0 0.78671875 0.6722222222222223 0.0546875 0.09722222222222222
0 0.77421875 0.49027777777777776 0.0546875 0.09722222222222222
0 0.65625 0.5430555555555556 0.0546875 0.09722222222222222
0 0.56875 0.5263888888888889 0.0546875 0.09722222222222222
0 0.58671875 0.8069444444444445 0.0546875 0.09722222222222222
0 0.47421875 0.4097222222222222 0.0546875 0.09722222222222222
0 0.3859375 0.41388888888888886 0.0546875 0.09722222222222222
0 0.39140625 0.6930555555555556 0.0546875 0.09722222222222222
0 0.51171875 0.7361111111111112 0.0546875 0.09722222222222222
0 0.32109375 0.5236111111111111 0.0546875 0.09722222222222222
0 0.2234375 0.49583333333333335 0.0546875 0.09722222222222222
0 0.06171875 0.4708333333333333 0.0546875 0.09722222222222222
0 0.026953125 0.4527777777777778 0.05234375 0.09722222222222222
0 0.04296875 0.5930555555555556 0.0546875 0.09722222222222222
0 0.08515625 0.40694444444444444 0.0546875 0.09722222222222222