0 0.027734375000000002 0.5791666666666667 0.05390625 0.09722222222222222
0 0.06953125 0.3902777777777778 0.0546875 0.09722222222222222
0 0.2484375 0.5027777777777778 0.0546875 0.09722222222222222
0 0.21953125 0.40555555555555556 0.0546875 0.09722222222222222
0 0.28828125 0.3819444444444444 0.0546875 0.09722222222222222
0 0.36484375 0.576388888888889 0.0546875 0.09722222222222222
0 0.446875 0.4236111111111111 0.0546875 0.09722222222222222
0 0.26171875 0.6527777777777778 0.0546875 0.09722222222222222
0 0.64609375 0.4638888888888889 0.0546875 0.09722222222222222
0 0.69453125 0.48194444444444445 0.0546875 0.09722222222222222
0 0.653125 0.6041666666666667 0.0546875 0.09722222222222222
0 0.7984375 0.5847222222222223 0.0546875 0.09722222222222222
0 0.87109375 0.49583333333333335 0.0546875 0.09722222222222222