0 0.8828125 0.49583333333333335 0.0546875 0.09722222222222222
0 0.8921875 0.7291666666666667 0.0546875 0.09722222222222222
0 0.76484375 0.6930555555555556 0.0546875 0.09722222222222222
0 0.68515625 0.525 0.0546875 0.09722222222222222
0 0.50703125 0.5722222222222223 0.0546875 0.09722222222222222
0 0.45078125 0.4111111111111111 0.0546875 0.09722222222222222
0 0.4296875 0.5625 0.0546875 0.09722222222222222
0 0.45078125 0.6791666666666667 0.0546875 0.09722222222222222
0 0.28828125 0.45694444444444443 0.0546875 0.09722222222222222
0 0.3109375 0.2888888888888889 0.0546875 0.09722222222222222
0 0.17890625 0.425 0.0546875 0.09722222222222222
0 0.16875 0.5347222222222222 0.0546875 0.09722222222222222
0 0.18671875 0.7000000000000001 0.0546875 0.09722222222222222
0 0.06328125 0.6875 0.0546875 0.09722222222222222