0 0.9265625 0.7625000000000001 0.0546875 0.09722222222222222
0 0.88359375 0.6277777777777779 0.0546875 0.09722222222222222
0 0.77265625 0.4847222222222222 0.0546875 0.09722222222222222
0 0.78515625 0.6708333333333334 0.0546875 0.09722222222222222
0 0.65859375 0.5416666666666667 0.0546875 0.09722222222222222
0 0.57109375 0.525 0.0546875 0.09722222222222222
0 0.5875 0.8027777777777778 0.0546875 0.09722222222222222
0 0.471875 0.4125 0.0546875 0.09722222222222222
0 0.3859375 0.4083333333333333 0.0546875 0.09722222222222222
0 0.3859375 0.6902777777777779 0.0546875 0.09722222222222222
0 0.22578125 0.4888888888888889 0.0546875 0.09722222222222222
0 0.06640625 0.46805555555555556 0.0546875 0.09722222222222222
0 0.08203125 0.4097222222222222 0.0546875 0.09722222222222222
0 0.028125 0.45555555555555555 0.0546875 0.09722222222222222
0 0.04609375 0.5902777777777778 0.0546875 0.09722222222222222