0 0.92421875 0.7486111111111111 0.0546875 0.09722222222222222
0 0.88984375 0.6263888888888889 0.0546875 0.09722222222222222
0 0.78984375 0.6847222222222222 0.0546875 0.09722222222222222
0 0.771875 0.48333333333333334 0.0546875 0.09722222222222222
0 0.58671875 0.8097222222222222 0.0546875 0.09722222222222222
0 0.65625 0.55 0.0546875 0.09722222222222222
0 0.5703125 0.5402777777777777 0.0546875 0.09722222222222222
0 0.50625 0.7472222222222222 0.0546875 0.09722222222222222
0 0.47265625 0.41805555555555557 0.0546875 0.09722222222222222
0 0.38828125 0.6986111111111112 0.0546875 0.09722222222222222
0 0.38984375 0.4097222222222222 0.0546875 0.09722222222222222
0 0.228125 0.49583333333333335 0.0546875 0.09722222222222222
0 0.03515625 0.45416666666666666 0.0546875 0.09722222222222222
0 0.07890625 0.41388888888888886 0.0546875 0.09722222222222222