0 0.8921875 0.7277777777777779 0.0546875 0.09722222222222222
0 0.87578125 0.4986111111111111 0.0546875 0.09722222222222222
0 0.7609375 0.701388888888889 0.0546875 0.09722222222222222
0 0.68046875 0.5319444444444444 0.0546875 0.09722222222222222
0 0.44921875 0.6930555555555556 0.0546875 0.09722222222222222
0 0.4265625 0.5694444444444445 0.0546875 0.09722222222222222
0 0.50234375 0.5666666666666668 0.0546875 0.09722222222222222
0 0.4578125 0.41527777777777775 0.0546875 0.09722222222222222
0 0.29140625 0.4444444444444444 0.0546875 0.09722222222222222
0 0.30859375 0.2847222222222222 0.0546875 0.09722222222222222
0 0.1734375 0.7041666666666667 0.0546875 0.09722222222222222
0 0.17109375 0.5305555555555556 0.0546875 0.09722222222222222
0 0.17734375 0.42083333333333334 0.0546875 0.09722222222222222
0 0.08984375 0.6152777777777778 0.0546875 0.09722222222222222
0 0.06484375 0.6847222222222222 0.0546875 0.09722222222222222