0 0.88671875 0.7319444444444445 0.0546875 0.09722222222222222
0 0.86953125 0.4930555555555555 0.0546875 0.09722222222222222
0 0.76328125 0.7000000000000001 0.0546875 0.09722222222222222
0 0.67421875 0.5319444444444444 0.0546875 0.09722222222222222
0 0.50390625 0.5694444444444445 0.0546875 0.09722222222222222
0 0.44140625 0.6916666666666668 0.0546875 0.09722222222222222
0 0.42734375 0.5736111111111112 0.0546875 0.09722222222222222
0 0.45390625 0.42083333333333334 0.0546875 0.09722222222222222
0 0.28359375 0.4583333333333333 0.0546875 0.09722222222222222
0 0.30546875 0.2986111111111111 0.0546875 0.09722222222222222
0 0.16484375 0.5458333333333334 0.0546875 0.09722222222222222
0 0.18515625 0.701388888888889 0.0546875 0.09722222222222222
0 0.09140625 0.6097222222222223 0.0546875 0.09722222222222222
0 0.17890625 0.42777777777777776 0.0546875 0.09722222222222222
0 0.05859375 0.6847222222222222 0.0546875 0.09722222222222222