0 0.88671875 0.7277777777777779 0.0546875 0.09722222222222222
0 0.87578125 0.49583333333333335 0.0546875 0.09722222222222222
0 0.76875 0.7097222222222223 0.0546875 0.09722222222222222
0 0.67578125 0.5277777777777778 0.0546875 0.09722222222222222
0 0.51015625 0.5722222222222223 0.0546875 0.09722222222222222
0 0.44609375 0.6847222222222222 0.0546875 0.09722222222222222
0 0.428125 0.5680555555555556 0.0546875 0.09722222222222222
0 0.45859375 0.425 0.0546875 0.09722222222222222
0 0.2890625 0.44722222222222224 0.0546875 0.09722222222222222
0 0.30546875 0.2902777777777778 0.0546875 0.09722222222222222
0 0.17734375 0.42777777777777776 0.0546875 0.09722222222222222
0 0.16875 0.5388888888888889 0.0546875 0.09722222222222222
0 0.17734375 0.7125 0.0546875 0.09722222222222222
0 0.08671875 0.6041666666666667 0.0546875 0.09722222222222222
0 0.06328125 0.6902777777777779 0.0546875 0.09722222222222222