0 0.93046875 0.75 0.0546875 0.09722222222222222
0 0.8875 0.6291666666666668 0.0546875 0.09722222222222222
0 0.771875 0.4875 0.0546875 0.09722222222222222
0 0.7890625 0.675 0.0546875 0.09722222222222222
0 0.7640625 0.8236111111111112 0.0546875 0.09722222222222222
0 0.65703125 0.5430555555555556 0.0546875 0.09722222222222222
0 0.56953125 0.5277777777777778 0.0546875 0.09722222222222222
0 0.58984375 0.8083333333333333 0.0546875 0.09722222222222222
0 0.47265625 0.4111111111111111 0.0546875 0.09722222222222222
0 0.38671875 0.6972222222222223 0.0546875 0.09722222222222222
0 0.38828125 0.4097222222222222 0.0546875 0.09722222222222222
0 0.3203125 0.5 0.0546875 0.09722222222222222
0 0.22265625 0.4930555555555555 0.0546875 0.09722222222222222
0 0.06328125 0.46249999999999997 0.0546875 0.09722222222222222
0 0.025 0.4458333333333333 0.0484375 0.09722222222222222
0 0.08359375 0.4111111111111111 0.0546875 0.09722222222222222
0 0.040625 0.5875 0.0546875 0.09722222222222222