0 0.04296875 0.5888888888888889 0.0546875 0.09722222222222222
0 0.02734375 0.4527777777777778 0.053125 0.09722222222222222
0 0.22265625 0.4930555555555555 0.0546875 0.09722222222222222
0 0.38671875 0.4111111111111111 0.0546875 0.09722222222222222
0 0.38671875 0.6875 0.0546875 0.09722222222222222
0 0.465625 0.41388888888888886 0.0546875 0.09722222222222222
0 0.51171875 0.7430555555555556 0.0546875 0.09722222222222222
0 0.57265625 0.5333333333333333 0.0546875 0.09722222222222222
0 0.59453125 0.8208333333333334 0.0546875 0.09722222222222222
0 0.66875 0.5555555555555556 0.0546875 0.09722222222222222
0 0.77734375 0.4861111111111111 0.0546875 0.09722222222222222
0 0.78828125 0.6819444444444445 0.0546875 0.09722222222222222
0 0.92734375 0.7555555555555556 0.0546875 0.09722222222222222
0 0.86796875 0.8277777777777778 0.0546875 0.09722222222222222
0 0.89140625 0.6333333333333334 0.0546875 0.09722222222222222