0 0.93515625 0.8180555555555556 0.0546875 0.09722222222222222
0 0.976953125 0.6930555555555556 0.04453125 0.09722222222222222
0 0.9296875 0.6111111111111112 0.0546875 0.09722222222222222
0 0.78671875 0.6083333333333334 0.0546875 0.09722222222222222
0 0.75 0.8013888888888889 0.0546875 0.09722222222222222
0 0.74375 0.4847222222222222 0.0546875 0.09722222222222222
0 0.60703125 0.6763888888888889 0.0546875 0.09722222222222222
0 0.55234375 0.7083333333333334 0.0546875 0.09722222222222222
0 0.48671875 0.7347222222222223 0.0546875 0.09722222222222222
0 0.43359375 0.5625 0.0546875 0.09722222222222222
0 0.51484375 0.48194444444444445 0.0546875 0.09722222222222222
0 0.39453125 0.8736111111111111 0.0546875 0.09722222222222222
0 0.359375 0.5402777777777777 0.0546875 0.09722222222222222
0 0.22890625 0.6805555555555556 0.0546875 0.09722222222222222
0 0.05625 0.6055555555555556 0.0546875 0.09722222222222222