0 0.03515625 0.45694444444444443 0.0546875 0.09722222222222222
0 0.06015625 0.4597222222222222 0.0546875 0.09722222222222222
0 0.0421875 0.5986111111111112 0.0546875 0.09722222222222222
0 0.07578125 0.4041666666666667 0.0546875 0.09722222222222222
0 0.225 0.49583333333333335 0.0546875 0.09722222222222222
0 0.38828125 0.4097222222222222 0.0546875 0.09722222222222222
0 0.38828125 0.6805555555555556 0.0546875 0.09722222222222222
0 0.46953125 0.4125 0.0546875 0.09722222222222222
0 0.53125 0.4708333333333333 0.0546875 0.09722222222222222
0 0.51328125 0.7569444444444445 0.0546875 0.09722222222222222
0 0.58671875 0.8055555555555556 0.0546875 0.09722222222222222
0 0.56953125 0.5388888888888889 0.0546875 0.09722222222222222
0 0.6625 0.55 0.0546875 0.09722222222222222
0 0.7671875 0.49583333333333335 0.0546875 0.09722222222222222
0 0.78984375 0.6805555555555556 0.0546875 0.09722222222222222
0 0.89296875 0.6305555555555556 0.0546875 0.09722222222222222
0 0.925 0.7569444444444445 0.0546875 0.09722222222222222
0 0.86640625 0.8291666666666667 0.0546875 0.09722222222222222