0 0.025781250000000002 0.576388888888889 0.05 0.09722222222222222
0 0.0734375 0.38472222222222224 0.0546875 0.09722222222222222
0 0.26328125 0.6555555555555556 0.0546875 0.09722222222222222
0 0.24296875 0.49583333333333335 0.0546875 0.09722222222222222
0 0.36484375 0.5736111111111112 0.0546875 0.09722222222222222
0 0.28984375 0.3819444444444444 0.0546875 0.09722222222222222
0 0.45390625 0.4375 0.0546875 0.09722222222222222
0 0.64453125 0.46805555555555556 0.0546875 0.09722222222222222
0 0.65390625 0.6027777777777779 0.0546875 0.09722222222222222
0 0.696875 0.48055555555555557 0.0546875 0.09722222222222222
0 0.79609375 0.5888888888888889 0.0546875 0.09722222222222222
0 0.87109375 0.49722222222222223 0.0546875 0.09722222222222222