0 0.025781250000000002 0.5888888888888889 0.05 0.09722222222222222
0 0.06796875 0.4013888888888889 0.0546875 0.09722222222222222
0 0.265625 0.6625000000000001 0.0546875 0.09722222222222222
0 0.25 0.5013888888888889 0.0546875 0.09722222222222222
0 0.2265625 0.4083333333333333 0.0546875 0.09722222222222222
0 0.29765625 0.39305555555555555 0.0546875 0.09722222222222222
0 0.36484375 0.5750000000000001 0.0546875 0.09722222222222222
0 0.44921875 0.4375 0.0546875 0.09722222222222222
0 0.64453125 0.4708333333333333 0.0546875 0.09722222222222222
0 0.69609375 0.48194444444444445 0.0546875 0.09722222222222222
0 0.65703125 0.6083333333333334 0.0546875 0.09722222222222222
0 0.79140625 0.5861111111111111 0.0546875 0.09722222222222222
0 0.86875 0.49444444444444446 0.0546875 0.09722222222222222