0 0.05546875 0.6138888888888889 0.0546875 0.09722222222222222
0 0.2203125 0.6736111111111112 0.0546875 0.09722222222222222
0 0.35546875 0.5402777777777777 0.0546875 0.09722222222222222
0 0.40625 0.8680555555555556 0.0546875 0.09722222222222222
0 0.49453125 0.7375 0.0546875 0.09722222222222222
0 0.43203125 0.5625 0.0546875 0.09722222222222222
0 0.51484375 0.47638888888888886 0.0546875 0.09722222222222222
0 0.55390625 0.6944444444444445 0.0546875 0.09722222222222222
0 0.60546875 0.6819444444444445 0.0546875 0.09722222222222222
0 0.74453125 0.7986111111111112 0.0546875 0.09722222222222222
0 0.78125 0.5986111111111112 0.0546875 0.09722222222222222
0 0.7453125 0.49444444444444446 0.0546875 0.09722222222222222
0 0.93515625 0.6083333333333334 0.0546875 0.09722222222222222
0 0.93515625 0.8111111111111111 0.0546875 0.09722222222222222
0 0.978515625 0.6986111111111112 0.04140625 0.09722222222222222