0 0.06015625 0.6208333333333333 0.0546875 0.09722222222222222
0 0.22421875 0.6652777777777779 0.0546875 0.09722222222222222
0 0.36171875 0.5430555555555556 0.0546875 0.09722222222222222
0 0.40078125 0.8708333333333333 0.0546875 0.09722222222222222
0 0.43984375 0.5652777777777779 0.0546875 0.09722222222222222
0 0.5140625 0.48194444444444445 0.0546875 0.09722222222222222
0 0.48984375 0.7291666666666667 0.0546875 0.09722222222222222
0 0.55703125 0.7083333333333334 0.0546875 0.09722222222222222
0 0.60859375 0.6791666666666667 0.0546875 0.09722222222222222
0 0.746875 0.8027777777777778 0.0546875 0.09722222222222222
0 0.78046875 0.6041666666666667 0.0546875 0.09722222222222222
0 0.73984375 0.49166666666666664 0.0546875 0.09722222222222222
0 0.92890625 0.6180555555555556 0.0546875 0.09722222222222222
0 0.978125 0.7111111111111111 0.0421875 0.09722222222222222
0 0.93828125 0.8222222222222223 0.0546875 0.09722222222222222