0 0.87265625 0.4888888888888889 0.0546875 0.09722222222222222
0 0.6484375 0.6097222222222223 0.0546875 0.09722222222222222
0 0.64375 0.4611111111111111 0.0546875 0.09722222222222222
0 0.69453125 0.4736111111111111 0.0546875 0.09722222222222222
0 0.4515625 0.42916666666666664 0.0546875 0.09722222222222222
0 0.36015625 0.5736111111111112 0.0546875 0.09722222222222222
0 0.28984375 0.39305555555555555 0.0546875 0.09722222222222222
0 0.2234375 0.4111111111111111 0.0546875 0.09722222222222222
0 0.23984375 0.49444444444444446 0.0546875 0.09722222222222222
0 0.06953125 0.3763888888888889 0.0546875 0.09722222222222222
0 0.026953125 0.5666666666666668 0.05234375 0.09722222222222222