0 0.8703125 0.5041666666666667 0.0546875 0.09722222222222222
0 0.6953125 0.4791666666666667 0.0546875 0.09722222222222222
0 0.6484375 0.4666666666666667 0.0546875 0.09722222222222222
0 0.646875 0.6125 0.0546875 0.09722222222222222
0 0.45078125 0.4236111111111111 0.0546875 0.09722222222222222
0 0.35703125 0.5819444444444445 0.0546875 0.09722222222222222
0 0.25078125 0.5013888888888889 0.0546875 0.09722222222222222
0 0.26015625 0.6569444444444444 0.0546875 0.09722222222222222
0 0.28984375 0.3736111111111111 0.0546875 0.09722222222222222
0 0.06796875 0.3958333333333333 0.0546875 0.09722222222222222
0 0.02421875 0.5847222222222223 0.046875 0.09722222222222222