0 0.02734375 0.45416666666666666 0.053125 0.09722222222222222
0 0.04609375 0.5944444444444444 0.0546875 0.09722222222222222
0 0.22734375 0.4875 0.0546875 0.09722222222222222
0 0.38828125 0.6930555555555556 0.0546875 0.09722222222222222
0 0.38515625 0.41388888888888886 0.0546875 0.09722222222222222
0 0.471875 0.4097222222222222 0.0546875 0.09722222222222222
0 0.509375 0.7458333333333333 0.0546875 0.09722222222222222
0 0.56796875 0.5388888888888889 0.0546875 0.09722222222222222
0 0.5921875 0.8125 0.0546875 0.09722222222222222
0 0.66015625 0.5472222222222223 0.0546875 0.09722222222222222
0 0.7875 0.6763888888888889 0.0546875 0.09722222222222222
0 0.77421875 0.4875 0.0546875 0.09722222222222222
0 0.89140625 0.6333333333333334 0.0546875 0.09722222222222222
0 0.92578125 0.7541666666666668 0.0546875 0.09722222222222222
0 0.86640625 0.8319444444444445 0.0546875 0.09722222222222222