0 0.88203125 0.5013888888888889 0.0546875 0.09722222222222222
0 0.8953125 0.7375 0.0546875 0.09722222222222222
0 0.76796875 0.6875 0.0546875 0.09722222222222222
0 0.68046875 0.5208333333333334 0.0546875 0.09722222222222222
0 0.50390625 0.5666666666666668 0.0546875 0.09722222222222222
0 0.453125 0.41805555555555557 0.0546875 0.09722222222222222
0 0.43046875 0.5680555555555556 0.0546875 0.09722222222222222
0 0.44453125 0.6944444444444445 0.0546875 0.09722222222222222
0 0.2828125 0.4486111111111111 0.0546875 0.09722222222222222
0 0.30625 0.2833333333333333 0.0546875 0.09722222222222222
0 0.1828125 0.42777777777777776 0.0546875 0.09722222222222222
0 0.16640625 0.5347222222222222 0.0546875 0.09722222222222222
0 0.1828125 0.701388888888889 0.0546875 0.09722222222222222
0 0.059375 0.6875 0.0546875 0.09722222222222222
0 0.08828125 0.6027777777777779 0.0546875 0.09722222222222222