0 0.93671875 0.8152777777777779 0.0546875 0.09722222222222222
0 0.9765625 0.6958333333333334 0.0453125 0.09722222222222222
0 0.940625 0.6125 0.0546875 0.09722222222222222
0 0.7546875 0.8125 0.0546875 0.09722222222222222
0 0.78046875 0.6055555555555556 0.0546875 0.09722222222222222
0 0.74296875 0.4930555555555555 0.0546875 0.09722222222222222
0 0.60546875 0.6805555555555556 0.0546875 0.09722222222222222
0 0.56015625 0.7069444444444445 0.0546875 0.09722222222222222
0 0.4890625 0.7388888888888889 0.0546875 0.09722222222222222
0 0.5125 0.48194444444444445 0.0546875 0.09722222222222222
0 0.43359375 0.5666666666666668 0.0546875 0.09722222222222222
0 0.35703125 0.5513888888888889 0.0546875 0.09722222222222222
0 0.39765625 0.8680555555555556 0.0546875 0.09722222222222222
0 0.23359375 0.6791666666666667 0.0546875 0.09722222222222222
0 0.30078125 0.4791666666666667 0.0546875 0.09722222222222222
0 0.06171875 0.6208333333333333 0.0546875 0.09722222222222222