0 0.03359375 0.4513888888888889 0.0546875 0.09722222222222222
0 0.046875 0.6000000000000001 0.0546875 0.09722222222222222
0 0.06484375 0.4708333333333333 0.0546875 0.09722222222222222
0 0.23359375 0.4888888888888889 0.0546875 0.09722222222222222
0 0.38828125 0.4166666666666667 0.0546875 0.09722222222222222
0 0.46953125 0.4083333333333333 0.0546875 0.09722222222222222
0 0.39140625 0.6944444444444445 0.0546875 0.09722222222222222
0 0.5171875 0.7513888888888889 0.0546875 0.09722222222222222
0 0.56875 0.5430555555555556 0.0546875 0.09722222222222222
0 0.590625 0.8083333333333333 0.0546875 0.09722222222222222
0 0.66640625 0.5416666666666667 0.0546875 0.09722222222222222
0 0.78671875 0.6777777777777778 0.0546875 0.09722222222222222
0 0.77734375 0.48194444444444445 0.0546875 0.09722222222222222
0 0.92421875 0.7555555555555556 0.0546875 0.09722222222222222
0 0.8609375 0.8402777777777778 0.0546875 0.09722222222222222
0 0.88359375 0.6347222222222223 0.0546875 0.09722222222222222
0 0.87265625 0.4986111111111111 0.0546875 0.09722222222222222