0 0.234375 0.673611 0.048437 0.077778
0 0.058203 0.605556 0.042969 0.105556
0 0.070703 0.789583 0.038281 0.090278
0 0.405469 0.871528 0.045313 0.104167
0 0.556641 0.708333 0.044531 0.077778
0 0.607031 0.688194 0.042188 0.087500
0 0.496094 0.740972 0.040625 0.120833
0 0.351563 0.543056 0.050000 0.086111
0 0.512500 0.484722 0.039063 0.088889
0 0.432031 0.561111 0.034375 0.080556
0 0.788281 0.587500 0.048437 0.077778
0 0.746484 0.788889 0.035156 0.091667
0 0.932031 0.826389 0.040625 0.108333
0 0.689453 0.627778 0.049219 0.091667
