0 0.98359375 0.6069444444444444 0.03125 0.08333333333333333
0 0.96640625 0.39861111111111114 0.046875 0.08333333333333333
0 0.87265625 0.39861111111111114 0.046875 0.08333333333333333
0 0.88671875 0.5986111111111111 0.046875 0.08333333333333333
0 0.75390625 0.6527777777777778 0.046875 0.08333333333333333
0 0.6609375 0.5847222222222221 0.046875 0.08333333333333333
0 0.62421875 0.7374999999999999 0.046875 0.08333333333333333
0 0.5421875 0.6402777777777777 0.046875 0.08333333333333333
0 0.5546875 0.6833333333333333 0.046875 0.08333333333333333
0 0.55625 0.548611111111111 0.046875 0.08333333333333333
0 0.39921875 0.5930555555555556 0.046875 0.08333333333333333
0 0.30859375 0.5569444444444444 0.046875 0.08333333333333333
0 0.259375 0.7263888888888889 0.046875 0.08333333333333333