0 0.08359375 0.375 0.046875 0.08333333333333333
0 0.20625 0.28194444444444444 0.046875 0.08333333333333333
0 0.27890625 0.3861111111111111 0.046875 0.08333333333333333
0 0.31640625 0.4986111111111111 0.046875 0.08333333333333333
0 0.40390625 0.4486111111111111 0.046875 0.08333333333333333
0 0.440625 0.3402777777777778 0.046875 0.08333333333333333
0 0.46640625 0.24305555555555555 0.046875 0.08333333333333333
0 0.59765625 0.39861111111111114 0.046875 0.08333333333333333
0 0.60078125 0.20555555555555555 0.046875 0.08333333333333333
0 0.72421875 0.4569444444444445 0.046875 0.08333333333333333
0 0.825 0.6263888888888889 0.046875 0.08333333333333333
0 0.86328125 0.5208333333333334 0.046875 0.08333333333333333
0 0.985546875 0.40972222222222227 0.02734375 0.08333333333333333
0 0.980078125 0.3152777777777778 0.03828125 0.08333333333333333
0 0.96171875 0.5402777777777777 0.046875 0.08333333333333333