0 0.959375 0.6277777777777778 0.046875 0.08333333333333333
0 0.8234375 0.4916666666666667 0.046875 0.08333333333333333
0 0.74921875 0.26944444444444443 0.046875 0.08333333333333333
0 0.75859375 0.48055555555555557 0.046875 0.08333333333333333
0 0.709375 0.673611111111111 0.046875 0.08333333333333333
0 0.56328125 0.7527777777777778 0.046875 0.08333333333333333
0 0.56171875 0.5763888888888888 0.046875 0.08333333333333333
0 0.58359375 0.3458333333333333 0.046875 0.08333333333333333
0 0.5765625 0.20972222222222223 0.046875 0.08333333333333333
0 0.5453125 0.3027777777777778 0.046875 0.08333333333333333
0 0.44140625 0.3652777777777778 0.046875 0.08333333333333333
0 0.43125 0.5958333333333333 0.046875 0.08333333333333333
0 0.24765625 0.2986111111111111 0.046875 0.08333333333333333
0 0.2109375 0.48888888888888893 0.046875 0.08333333333333333
0 0.16171875 0.3791666666666667 0.046875 0.08333333333333333