0 0.25703125 0.4041666666666667 0.046875 0.08333333333333333
0 0.040625 0.30833333333333335 0.046875 0.08333333333333333
0 0.42890625 0.5 0.046875 0.08333333333333333
0 0.46484375 0.773611111111111 0.046875 0.08333333333333333
0 0.53125 0.5361111111111111 0.046875 0.08333333333333333
0 0.46640625 0.2875 0.046875 0.08333333333333333
0 0.6734375 0.1736111111111111 0.046875 0.08333333333333333
0 0.62578125 0.34444444444444444 0.046875 0.08333333333333333
0 0.77109375 0.3652777777777778 0.046875 0.08333333333333333
0 0.7171875 0.5416666666666666 0.046875 0.08333333333333333
0 0.8453125 0.6402777777777777 0.046875 0.08333333333333333
0 0.66484375 0.7583333333333333 0.046875 0.08333333333333333
0 0.9234375 0.43472222222222223 0.046875 0.08333333333333333