0 0.225 0.4291666666666667 0.046875 0.08333333333333333
0 0.06953125 0.3777777777777778 0.046875 0.08333333333333333
0 0.02578125 0.5180555555555555 0.046875 0.08333333333333333
0 0.24921875 0.5638888888888889 0.046875 0.08333333333333333
0 0.39609375 0.26805555555555555 0.046875 0.08333333333333333
0 0.41953125 0.43194444444444446 0.046875 0.08333333333333333
0 0.43984375 0.5555555555555555 0.046875 0.08333333333333333
0 0.59375 0.5277777777777778 0.046875 0.08333333333333333
0 0.52734375 0.45555555555555555 0.046875 0.08333333333333333
0 0.56640625 0.3180555555555556 0.046875 0.08333333333333333
0 0.7 0.6347222222222222 0.046875 0.08333333333333333
0 0.83671875 0.5375 0.046875 0.08333333333333333
0 0.9765625 0.45833333333333337 0.0453125 0.08333333333333333
0 0.980859375 0.5472222222222222 0.03671875 0.08333333333333333
0 0.86640625 0.6361111111111111 0.046875 0.08333333333333333
0 0.8328125 0.37083333333333335 0.046875 0.08333333333333333