0 0.946875 0.5902777777777778 0.046875 0.08333333333333333
0 0.8578125 0.4152777777777778 0.046875 0.08333333333333333
0 0.6953125 0.39583333333333337 0.046875 0.08333333333333333
0 0.51875 0.35694444444444445 0.046875 0.08333333333333333
0 0.50703125 0.5666666666666667 0.046875 0.08333333333333333
0 0.4609375 0.3541666666666667 0.046875 0.08333333333333333
0 0.2375 0.33611111111111114 0.046875 0.08333333333333333
0 0.21875 0.5763888888888888 0.046875 0.08333333333333333
0 0.12109375 0.5430555555555555 0.046875 0.08333333333333333
0 0.05625 0.3263888888888889 0.046875 0.08333333333333333
0 0.1484375 0.24027777777777776 0.046875 0.08333333333333333
0 0.05625 0.6430555555555555 0.046875 0.08333333333333333