0 0.96484375 0.3875 0.046875 0.08333333333333333
0 0.83046875 0.41250000000000003 0.046875 0.08333333333333333
0 0.6546875 0.6458333333333333 0.046875 0.08333333333333333
0 0.65703125 0.4013888888888889 0.046875 0.08333333333333333
0 0.5765625 0.6680555555555555 0.046875 0.08333333333333333
0 0.5171875 0.26805555555555555 0.046875 0.08333333333333333
0 0.4109375 0.3458333333333333 0.046875 0.08333333333333333
0 0.39921875 0.5638888888888889 0.046875 0.08333333333333333
0 0.41484375 0.1736111111111111 0.046875 0.08333333333333333
0 0.12734375 0.29305555555555557 0.046875 0.08333333333333333
0 0.1734375 0.5958333333333333 0.046875 0.08333333333333333
0 0.06328125 0.6416666666666666 0.046875 0.08333333333333333