0 0.9421875 0.8430555555555556 0.046875 0.08333333333333333
0 0.8515625 0.4986111111111111 0.046875 0.08333333333333333
0 0.69140625 0.6263888888888889 0.046875 0.08333333333333333
0 0.6203125 0.4152777777777778 0.046875 0.08333333333333333
0 0.46484375 0.5402777777777777 0.046875 0.08333333333333333
0 0.52421875 0.5597222222222222 0.046875 0.08333333333333333
0 0.56171875 0.7180555555555556 0.046875 0.08333333333333333
0 0.46640625 0.3236111111111111 0.046875 0.08333333333333333
0 0.7328125 0.20694444444444443 0.046875 0.08333333333333333
0 0.871875 0.16805555555555554 0.046875 0.08333333333333333
0 0.94609375 0.2625 0.046875 0.08333333333333333
0 0.83359375 0.41805555555555557 0.046875 0.08333333333333333
0 0.37265625 0.5111111111111111 0.046875 0.08333333333333333
0 0.221875 0.525 0.046875 0.08333333333333333
0 0.17265625 0.4652777777777778 0.046875 0.08333333333333333
0 0.15703125 0.6152777777777777 0.046875 0.08333333333333333
0 0.07421875 0.5027777777777778 0.046875 0.08333333333333333