0 0.87109375 0.4527777777777778 0.046875 0.08333333333333333
0 0.79140625 0.4375 0.046875 0.08333333333333333
0 0.74765625 0.5847222222222221 0.046875 0.08333333333333333
0 0.66015625 0.4861111111111111 0.046875 0.08333333333333333
0 0.63671875 0.15277777777777776 0.046875 0.08333333333333333
0 0.55390625 0.23888888888888887 0.046875 0.08333333333333333
0 0.40390625 0.45 0.046875 0.08333333333333333
0 0.26796875 0.3111111111111111 0.046875 0.08333333333333333
0 0.234375 0.5708333333333333 0.046875 0.08333333333333333
0 0.30625 0.6847222222222222 0.046875 0.08333333333333333
0 0.14609375 0.6402777777777777 0.046875 0.08333333333333333