0 0.92265625 0.5458333333333333 0.046875 0.08333333333333333
0 0.84140625 0.6694444444444444 0.046875 0.08333333333333333
0 0.78671875 0.7819444444444444 0.046875 0.08333333333333333
0 0.79609375 0.5347222222222222 0.046875 0.08333333333333333
0 0.55546875 0.5013888888888889 0.046875 0.08333333333333333
0 0.6515625 0.7847222222222222 0.046875 0.08333333333333333
0 0.58515625 0.2763888888888889 0.046875 0.08333333333333333
0 0.81796875 0.3819444444444445 0.046875 0.08333333333333333
0 0.39140625 0.5305555555555556 0.046875 0.08333333333333333
0 0.28359375 0.6263888888888889 0.046875 0.08333333333333333
0 0.19609375 0.5125 0.046875 0.08333333333333333
0 0.3375 0.3152777777777778 0.046875 0.08333333333333333
0 0.023828125000000002 0.4305555555555556 0.04609375 0.08333333333333333