0 0.80078125 0.20972222222222223 0.046875 0.08333333333333333
0 0.7921875 0.5680555555555555 0.046875 0.08333333333333333
0 0.634375 0.3458333333333333 0.046875 0.08333333333333333
0 0.73046875 0.14027777777777778 0.046875 0.08333333333333333
0 0.49609375 0.26805555555555555 0.046875 0.08333333333333333
0 0.46484375 0.4708333333333333 0.046875 0.08333333333333333
0 0.47734375 0.16666666666666666 0.046875 0.08333333333333333
0 0.36328125 0.4291666666666667 0.046875 0.08333333333333333
0 0.3140625 0.2236111111111111 0.046875 0.08333333333333333
0 0.29140625 0.175 0.046875 0.08333333333333333
0 0.24453125 0.4986111111111111 0.046875 0.08333333333333333
0 0.18203125 0.4027777777777778 0.046875 0.08333333333333333
0 0.15859375 0.12361111111111112 0.046875 0.08333333333333333
0 0.023828125000000002 0.2375 0.04609375 0.08333333333333333
0 0.07421875 0.5291666666666667 0.046875 0.08333333333333333