0 0.96015625 0.6291666666666667 0.046875 0.08333333333333333
0 0.92578125 0.4652777777777778 0.046875 0.08333333333333333
0 0.84765625 0.6791666666666666 0.046875 0.08333333333333333
0 0.75703125 0.3666666666666667 0.046875 0.08333333333333333
0 0.6390625 0.3652777777777778 0.046875 0.08333333333333333
0 0.55625 0.7875 0.046875 0.08333333333333333
0 0.41484375 0.46944444444444444 0.046875 0.08333333333333333
0 0.54140625 0.4305555555555556 0.046875 0.08333333333333333
0 0.509375 0.5527777777777777 0.046875 0.08333333333333333
0 0.30625 0.7152777777777778 0.046875 0.08333333333333333
0 0.35859375 0.6208333333333333 0.046875 0.08333333333333333
0 0.26015625 0.6041666666666666 0.046875 0.08333333333333333
0 0.1765625 0.3666666666666667 0.046875 0.08333333333333333
0 0.2953125 0.43472222222222223 0.046875 0.08333333333333333
0 0.32734375 0.26805555555555555 0.046875 0.08333333333333333