0 0.9640625 0.5236111111111111 0.046875 0.08333333333333333
0 0.90859375 0.4388888888888889 0.046875 0.08333333333333333
0 0.8859375 0.2652777777777778 0.046875 0.08333333333333333
0 0.82890625 0.5625 0.046875 0.08333333333333333
0 0.68046875 0.5499999999999999 0.046875 0.08333333333333333
0 0.478125 0.5388888888888889 0.046875 0.08333333333333333
0 0.3546875 0.32083333333333336 0.046875 0.08333333333333333
0 0.37734375 0.6291666666666667 0.046875 0.08333333333333333
0 0.3578125 0.7847222222222222 0.046875 0.08333333333333333
0 0.21328125 0.6402777777777777 0.046875 0.08333333333333333
0 0.21953125 0.5069444444444444 0.046875 0.08333333333333333
0 0.11640625 0.45416666666666666 0.046875 0.08333333333333333