0 0.91640625 0.4847222222222222 0.046875 0.08333333333333333
0 0.78515625 0.6208333333333333 0.046875 0.08333333333333333
0 0.778125 0.8527777777777777 0.046875 0.08333333333333333
0 0.67890625 0.5638888888888889 0.046875 0.08333333333333333
0 0.61953125 0.35833333333333334 0.046875 0.08333333333333333
0 0.43203125 0.20416666666666666 0.046875 0.08333333333333333
0 0.49296875 0.8402777777777778 0.046875 0.08333333333333333
0 0.30234375 0.25972222222222224 0.046875 0.08333333333333333
0 0.20703125 0.7013888888888888 0.046875 0.08333333333333333
0 0.10546875 0.44583333333333336 0.046875 0.08333333333333333
0 0.05234375 0.3819444444444445 0.046875 0.08333333333333333
0 0.071875 0.20555555555555555 0.046875 0.08333333333333333