0 0.87421875 0.46111111111111114 0.046875 0.08333333333333333
0 0.81953125 0.29444444444444445 0.046875 0.08333333333333333
0 0.58984375 0.37083333333333335 0.046875 0.08333333333333333
0 0.52890625 0.34305555555555556 0.046875 0.08333333333333333
0 0.4734375 0.35555555555555557 0.046875 0.08333333333333333
0 0.3078125 0.2763888888888889 0.046875 0.08333333333333333
0 0.325 0.42083333333333334 0.046875 0.08333333333333333
0 0.27265625 0.40555555555555556 0.046875 0.08333333333333333
0 0.12109375 0.4486111111111111 0.046875 0.08333333333333333
0 0.08359375 0.3736111111111111 0.046875 0.08333333333333333
0 0.0453125 0.4625 0.046875 0.08333333333333333