0 0.02265625 0.3527777777777778 0.04375 0.08333333333333333
0 0.03125 0.6180555555555555 0.046875 0.08333333333333333
0 0.16328125 0.7208333333333333 0.046875 0.08333333333333333
0 0.16640625 0.2833333333333333 0.046875 0.08333333333333333
0 0.2484375 0.44722222222222224 0.046875 0.08333333333333333
0 0.3046875 0.6791666666666666 0.046875 0.08333333333333333
0 0.44296875 0.44583333333333336 0.046875 0.08333333333333333
0 0.46015625 0.548611111111111 0.046875 0.08333333333333333
0 0.33203125 0.29305555555555557 0.046875 0.08333333333333333
0 0.50859375 0.35694444444444445 0.046875 0.08333333333333333
0 0.63671875 0.4375 0.046875 0.08333333333333333
0 0.6796875 0.5069444444444444 0.046875 0.08333333333333333
0 0.76640625 0.24583333333333332 0.046875 0.08333333333333333
0 0.79921875 0.38472222222222224 0.046875 0.08333333333333333
0 0.878125 0.5611111111111111 0.046875 0.08333333333333333
0 0.92265625 0.2833333333333333 0.046875 0.08333333333333333