0 0.20546875 0.5055555555555555 0.046875 0.08333333333333333
0 0.17421875 0.39305555555555555 0.046875 0.08333333333333333
0 0.053125 0.3513888888888889 0.046875 0.08333333333333333
0 0.01953125 0.6236111111111111 0.0375 0.08333333333333333
0 0.0765625 0.6958333333333333 0.046875 0.08333333333333333
0 0.20546875 0.2236111111111111 0.046875 0.08333333333333333
0 0.34921875 0.5736111111111111 0.046875 0.08333333333333333
0 0.51796875 0.4166666666666667 0.046875 0.08333333333333333
0 0.4140625 0.4013888888888889 0.046875 0.08333333333333333
0 0.56875 0.45833333333333337 0.046875 0.08333333333333333
0 0.7328125 0.2777777777777778 0.046875 0.08333333333333333
0 0.85390625 0.4763888888888889 0.046875 0.08333333333333333