0 0.81640625 0.49583333333333335 0.046875 0.08333333333333333
0 0.78828125 0.5361111111111111 0.046875 0.08333333333333333
0 0.72578125 0.4277777777777778 0.046875 0.08333333333333333
0 0.57890625 0.6208333333333333 0.046875 0.08333333333333333
0 0.27421875 0.45416666666666666 0.046875 0.08333333333333333
0 0.22109375 0.6930555555555555 0.046875 0.08333333333333333
0 0.11640625 0.5027777777777778 0.046875 0.08333333333333333
0 0.08203125 0.45972222222222225 0.046875 0.08333333333333333
0 0.16328125 0.48750000000000004 0.046875 0.08333333333333333
0 0.11328125 0.21666666666666665 0.046875 0.08333333333333333
0 0.02578125 0.2875 0.046875 0.08333333333333333
0 0.296875 0.20972222222222223 0.046875 0.08333333333333333