0 0.85390625 0.5791666666666666 0.046875 0.08333333333333333
0 0.78828125 0.6319444444444444 0.046875 0.08333333333333333
0 0.71875 0.5138888888888888 0.046875 0.08333333333333333
0 0.69921875 0.3194444444444445 0.046875 0.08333333333333333
0 0.5484375 0.5111111111111111 0.046875 0.08333333333333333
0 0.51171875 0.4291666666666667 0.046875 0.08333333333333333
0 0.49296875 0.6069444444444444 0.046875 0.08333333333333333
0 0.3375 0.39722222222222225 0.046875 0.08333333333333333
0 0.215625 0.3541666666666667 0.046875 0.08333333333333333
0 0.21484375 0.5541666666666666 0.046875 0.08333333333333333
0 0.0859375 0.3763888888888889 0.046875 0.08333333333333333