0 0.746875 0.6833333333333333 0.046875 0.08333333333333333
0 0.75703125 0.42638888888888893 0.046875 0.08333333333333333
0 0.62890625 0.3652777777777778 0.046875 0.08333333333333333
0 0.63125 0.5 0.046875 0.08333333333333333
0 0.54140625 0.6305555555555555 0.046875 0.08333333333333333
0 0.50546875 0.5236111111111111 0.046875 0.08333333333333333
0 0.39453125 0.6986111111111111 0.046875 0.08333333333333333
0 0.36796875 0.4986111111111111 0.046875 0.08333333333333333
0 0.35703125 0.39583333333333337 0.046875 0.08333333333333333
0 0.334375 0.7569444444444444 0.046875 0.08333333333333333
0 0.29375 0.8222222222222222 0.046875 0.08333333333333333
0 0.16328125 0.7152777777777778 0.046875 0.08333333333333333
0 0.0640625 0.5430555555555555 0.046875 0.08333333333333333
0 0.19140625 0.25416666666666665 0.046875 0.08333333333333333
0 0.2625 0.2875 0.046875 0.08333333333333333
0 0.0296875 0.736111111111111 0.046875 0.08333333333333333