0 0.41015625 0.5416666666666667 0.0546875 0.09722222222222222
0 0.5328125 0.5319444444444444 0.0546875 0.09722222222222222
0 0.52890625 0.25277777777777777 0.0546875 0.09722222222222222
0 0.559375 0.35138888888888886 0.0546875 0.09722222222222222
0 0.6015625 0.6000000000000001 0.0546875 0.09722222222222222
0 0.68203125 0.5152777777777778 0.0546875 0.09722222222222222
0 0.39296875 0.7555555555555556 0.0546875 0.09722222222222222
0 0.3359375 0.65 0.0546875 0.09722222222222222
0 0.22578125 0.5375 0.0546875 0.09722222222222222
0 0.1671875 0.48333333333333334 0.0546875 0.09722222222222222
0 0.12109375 0.5722222222222223 0.0546875 0.09722222222222222
0 0.228125 0.36527777777777776 0.0546875 0.09722222222222222