0 0.9140625 0.6375000000000001 0.0546875 0.09722222222222222
0 0.909375 0.4222222222222222 0.0546875 0.09722222222222222
0 0.74765625 0.48333333333333334 0.0546875 0.09722222222222222
0 0.68046875 0.5611111111111111 0.0546875 0.09722222222222222
0 0.77734375 0.7791666666666667 0.0546875 0.09722222222222222
0 0.7984375 0.6000000000000001 0.0546875 0.09722222222222222
0 0.56015625 0.6194444444444445 0.0546875 0.09722222222222222
0 0.33828125 0.6666666666666667 0.0546875 0.09722222222222222
0 0.38359375 0.6583333333333334 0.0546875 0.09722222222222222
0 0.35546875 0.4527777777777778 0.0546875 0.09722222222222222
0 0.16953125 0.5694444444444445 0.0546875 0.09722222222222222
0 0.51875 0.47777777777777775 0.0546875 0.09722222222222222
0 0.5921875 0.4638888888888889 0.0546875 0.09722222222222222