0 0.21953125 0.513888888888889 0.0546875 0.09722222222222222
0 0.396875 0.6944444444444445 0.0546875 0.09722222222222222
0 0.58515625 0.7930555555555556 0.0546875 0.09722222222222222
0 0.7796875 0.6680555555555556 0.0546875 0.09722222222222222
0 0.6578125 0.5555555555555556 0.0546875 0.09722222222222222
0 0.06796875 0.42083333333333334 0.0546875 0.09722222222222222
0 0.03046875 0.46944444444444444 0.0546875 0.09722222222222222
0 0.509375 0.7305555555555556 0.0546875 0.09722222222222222
0 0.4765625 0.4027777777777778 0.0546875 0.09722222222222222
0 0.56875 0.5333333333333333 0.0546875 0.09722222222222222
0 0.3859375 0.36666666666666664 0.0546875 0.09722222222222222
0 0.75546875 0.4861111111111111 0.0546875 0.09722222222222222