0 0.11875 0.5486111111111112 0.0546875 0.09722222222222222
0 0.165625 0.4875 0.0546875 0.09722222222222222
0 0.21484375 0.3875 0.0546875 0.09722222222222222
0 0.23125 0.5402777777777777 0.0546875 0.09722222222222222
0 0.4109375 0.5305555555555556 0.0546875 0.09722222222222222
0 0.3921875 0.7527777777777779 0.0546875 0.09722222222222222
0 0.528125 0.25833333333333336 0.0546875 0.09722222222222222
0 0.56640625 0.35833333333333334 0.0546875 0.09722222222222222
0 0.68125 0.5222222222222223 0.0546875 0.09722222222222222
0 0.59921875 0.6194444444444445 0.0546875 0.09722222222222222
0 0.53359375 0.5416666666666667 0.0546875 0.09722222222222222