0 0.3203125 0.5361111111111111 0.0546875 0.09722222222222222
0 0.17734375 0.41388888888888886 0.0546875 0.09722222222222222
0 0.04453125 0.5625 0.0546875 0.09722222222222222
0 0.175 0.6208333333333333 0.0546875 0.09722222222222222
0 0.4140625 0.913888888888889 0.0546875 0.09722222222222222
0 0.45703125 0.6305555555555556 0.0546875 0.09722222222222222
0 0.4703125 0.4388888888888889 0.0546875 0.09722222222222222
0 0.609375 0.4013888888888889 0.0546875 0.09722222222222222
0 0.75078125 0.4305555555555555 0.0546875 0.09722222222222222
0 0.7546875 0.6680555555555556 0.0546875 0.09722222222222222
0 0.59609375 0.7708333333333334 0.0546875 0.09722222222222222
0 0.88515625 0.8277777777777778 0.0546875 0.09722222222222222
0 0.9515625 0.6444444444444445 0.0546875 0.09722222222222222