0 0.31328125 0.5305555555555556 0.0546875 0.09722222222222222
0 0.42421875 0.8972222222222223 0.0546875 0.09722222222222222
0 0.4453125 0.6111111111111112 0.0546875 0.09722222222222222
0 0.46953125 0.4361111111111111 0.0546875 0.09722222222222222
0 0.615625 0.4375 0.0546875 0.09722222222222222
0 0.71328125 0.475 0.0546875 0.09722222222222222
0 0.759375 0.3902777777777778 0.0546875 0.09722222222222222
0 0.746875 0.6486111111111111 0.0546875 0.09722222222222222
0 0.59140625 0.7611111111111112 0.0546875 0.09722222222222222
0 0.9484375 0.6527777777777778 0.0546875 0.09722222222222222
0 0.9046875 0.8444444444444444 0.0546875 0.09722222222222222
0 0.18125 0.6083333333333334 0.0546875 0.09722222222222222
0 0.16796875 0.4166666666666667 0.0546875 0.09722222222222222
0 0.03828125 0.5527777777777778 0.0546875 0.09722222222222222