0 0.2296875 0.6833333333333333 0.0546875 0.09722222222222222
0 0.359375 0.5416666666666667 0.0546875 0.09722222222222222
0 0.425 0.5597222222222222 0.0546875 0.09722222222222222
0 0.5234375 0.4666666666666667 0.0546875 0.09722222222222222
0 0.48359375 0.7333333333333334 0.0546875 0.09722222222222222
0 0.5453125 0.6930555555555556 0.0546875 0.09722222222222222
0 0.609375 0.6777777777777778 0.0546875 0.09722222222222222
0 0.73046875 0.5069444444444444 0.0546875 0.09722222222222222
0 0.775 0.5861111111111111 0.0546875 0.09722222222222222
0 0.74765625 0.7930555555555556 0.0546875 0.09722222222222222
0 0.92734375 0.8138888888888889 0.0546875 0.09722222222222222
0 0.97734375 0.6916666666666668 0.04375 0.09722222222222222
0 0.921875 0.6138888888888889 0.0546875 0.09722222222222222
0 0.209375 0.8388888888888889 0.0546875 0.09722222222222222
0 0.046875 0.601388888888889 0.0546875 0.09722222222222222