0 0.1796875 0.6194444444444445 0.0546875 0.09722222222222222
0 0.04296875 0.5527777777777778 0.0546875 0.09722222222222222
0 0.1859375 0.4236111111111111 0.0546875 0.09722222222222222
0 0.3203125 0.5416666666666667 0.0546875 0.09722222222222222
0 0.465625 0.4666666666666667 0.0546875 0.09722222222222222
0 0.4578125 0.6000000000000001 0.0546875 0.09722222222222222
0 0.41796875 0.8833333333333334 0.0546875 0.09722222222222222
0 0.584375 0.763888888888889 0.0546875 0.09722222222222222
0 0.73984375 0.6611111111111112 0.0546875 0.09722222222222222
0 0.7546875 0.4027777777777778 0.0546875 0.09722222222222222
0 0.8859375 0.8194444444444445 0.0546875 0.09722222222222222
0 0.9515625 0.6402777777777778 0.0546875 0.09722222222222222
0 0.6203125 0.4083333333333333 0.0546875 0.09722222222222222