0 0.1890625 0.7194444444444444 0.0546875 0.09722222222222222
0 0.175 0.5111111111111112 0.0546875 0.09722222222222222
0 0.175 0.4305555555555555 0.0546875 0.09722222222222222
0 0.290625 0.44722222222222224 0.0546875 0.09722222222222222
0 0.315625 0.2972222222222222 0.0546875 0.09722222222222222
0 0.4328125 0.5513888888888889 0.0546875 0.09722222222222222
0 0.45 0.6763888888888889 0.0546875 0.09722222222222222
0 0.4578125 0.375 0.0546875 0.09722222222222222
0 0.50625 0.5611111111111111 0.0546875 0.09722222222222222
0 0.084375 0.4597222222222222 0.0546875 0.09722222222222222
0 0.66875 0.5388888888888889 0.0546875 0.09722222222222222
0 0.76640625 0.6944444444444445 0.0546875 0.09722222222222222
0 0.88984375 0.7166666666666667 0.0546875 0.09722222222222222
0 0.8765625 0.5083333333333333 0.0546875 0.09722222222222222