0 0.42578125 0.7000000000000001 0.0546875 0.09722222222222222
0 0.37109375 0.5916666666666667 0.0546875 0.09722222222222222
0 0.31171875 0.5958333333333334 0.0546875 0.09722222222222222
0 0.41328125 0.5083333333333333 0.0546875 0.09722222222222222
0 0.1453125 0.49444444444444446 0.0546875 0.09722222222222222
0 0.0734375 0.7277777777777779 0.0546875 0.09722222222222222
0 0.05703125 0.55 0.0546875 0.09722222222222222
0 0.61875 0.6555555555555556 0.0546875 0.09722222222222222
0 0.790625 0.6736111111111112 0.0546875 0.09722222222222222
0 0.61640625 0.5388888888888889 0.0546875 0.09722222222222222
0 0.7 0.47638888888888886 0.0546875 0.09722222222222222
0 0.84609375 0.5805555555555556 0.0546875 0.09722222222222222
0 0.8796875 0.4638888888888889 0.0546875 0.09722222222222222
0 0.93671875 0.5236111111111111 0.0546875 0.09722222222222222