0 0.53984375 0.5291666666666667 0.0546875 0.09722222222222222
0 0.59375 0.6027777777777779 0.0546875 0.09722222222222222
0 0.53203125 0.275 0.0546875 0.09722222222222222
0 0.5609375 0.3597222222222222 0.0546875 0.09722222222222222
0 0.678125 0.44166666666666665 0.0546875 0.09722222222222222
0 0.68046875 0.5305555555555556 0.0546875 0.09722222222222222
0 0.41640625 0.5319444444444444 0.0546875 0.09722222222222222
0 0.38984375 0.7652777777777778 0.0546875 0.09722222222222222
0 0.325 0.6277777777777779 0.0546875 0.09722222222222222
0 0.2265625 0.5305555555555556 0.0546875 0.09722222222222222
0 0.2109375 0.3736111111111111 0.0546875 0.09722222222222222
0 0.16875 0.4847222222222222 0.0546875 0.09722222222222222
0 0.1234375 0.5513888888888889 0.0546875 0.09722222222222222