0 0.58515625 0.7944444444444445 0.0546875 0.09722222222222222
0 0.39140625 0.6972222222222223 0.0546875 0.09722222222222222
0 0.784375 0.6777777777777778 0.0546875 0.09722222222222222
0 0.6546875 0.5416666666666667 0.0546875 0.09722222222222222
0 0.221875 0.5 0.0546875 0.09722222222222222
0 0.06171875 0.4166666666666667 0.0546875 0.09722222222222222
0 0.471875 0.41944444444444445 0.0546875 0.09722222222222222
0 0.75625 0.49722222222222223 0.0546875 0.09722222222222222
0 0.384375 0.35277777777777775 0.0546875 0.09722222222222222
0 0.51640625 0.7333333333333334 0.0546875 0.09722222222222222
0 0.56875 0.5263888888888889 0.0546875 0.09722222222222222
0 0.81953125 0.044444444444444446 0.0546875 0.08611111111111111