0 0.0453125 0.45416666666666666 0.0546875 0.09722222222222222
0 0.384375 0.7055555555555556 0.0546875 0.09722222222222222
0 0.5859375 0.7972222222222223 0.0546875 0.09722222222222222
0 0.7734375 0.6930555555555556 0.0546875 0.09722222222222222
0 0.65078125 0.55 0.0546875 0.09722222222222222
0 0.7625 0.4875 0.0546875 0.09722222222222222
0 0.2234375 0.5041666666666667 0.0546875 0.09722222222222222
0 0.47578125 0.43194444444444446 0.0546875 0.09722222222222222
0 0.384375 0.38472222222222224 0.0546875 0.09722222222222222
0 0.76171875 0.8250000000000001 0.0546875 0.09722222222222222
0 0.54296875 0.5444444444444445 0.0546875 0.09722222222222222