0 0.078125 0.7055555555555556 0.0546875 0.09722222222222222
0 0.05234375 0.5333333333333333 0.0546875 0.09722222222222222
0 0.14453125 0.5027777777777778 0.0546875 0.09722222222222222
0 0.37109375 0.5805555555555556 0.0546875 0.09722222222222222
0 0.42578125 0.7000000000000001 0.0546875 0.09722222222222222
0 0.790625 0.6916666666666668 0.0546875 0.09722222222222222
0 0.6546875 0.4861111111111111 0.0546875 0.09722222222222222
0 0.6203125 0.625 0.0546875 0.09722222222222222
0 0.8734375 0.45555555555555555 0.0546875 0.09722222222222222
0 0.84609375 0.5861111111111111 0.0546875 0.09722222222222222
0 0.4203125 0.49722222222222223 0.0546875 0.09722222222222222
0 0.93515625 0.5277777777777778 0.0546875 0.09722222222222222