0 0.3609375 0.576388888888889 0.0546875 0.09722222222222222
0 0.453125 0.4444444444444444 0.0546875 0.09722222222222222
0 0.0640625 0.37083333333333335 0.0546875 0.09722222222222222
0 0.03125 0.5791666666666667 0.0546875 0.09722222222222222
0 0.26484375 0.6583333333333334 0.0546875 0.09722222222222222
0 0.25234375 0.47777777777777775 0.0546875 0.09722222222222222
0 0.6484375 0.4736111111111111 0.0546875 0.09722222222222222
0 0.696875 0.47777777777777775 0.0546875 0.09722222222222222
0 0.65234375 0.6041666666666667 0.0546875 0.09722222222222222
0 0.79375 0.5833333333333334 0.0546875 0.09722222222222222
0 0.859375 0.5069444444444444 0.0546875 0.09722222222222222