0 0.678125 0.5291666666666667 0.0546875 0.09722222222222222
0 0.7609375 0.6833333333333333 0.0546875 0.09722222222222222
0 0.87265625 0.5 0.0546875 0.09722222222222222
0 0.8875 0.7055555555555556 0.0546875 0.09722222222222222
0 0.421875 0.5527777777777778 0.0546875 0.09722222222222222
0 0.44609375 0.6694444444444445 0.0546875 0.09722222222222222
0 0.5046875 0.5597222222222222 0.0546875 0.09722222222222222
0 0.4640625 0.4166666666666667 0.0546875 0.09722222222222222
0 0.32109375 0.29444444444444445 0.0546875 0.09722222222222222
0 0.2921875 0.4444444444444444 0.0546875 0.09722222222222222
0 0.34375 0.45416666666666666 0.0546875 0.09722222222222222
0 0.18828125 0.7055555555555556 0.0546875 0.09722222222222222
0 0.1953125 0.5305555555555556 0.0546875 0.09722222222222222
0 0.190625 0.4263888888888889 0.0546875 0.09722222222222222
0 0.07265625 0.4722222222222222 0.0546875 0.09722222222222222