0 0.22734375 0.6861111111111111 0.0546875 0.09722222222222222
0 0.35703125 0.5430555555555556 0.0546875 0.09722222222222222
0 0.42578125 0.5611111111111111 0.0546875 0.09722222222222222
0 0.5171875 0.46944444444444444 0.0546875 0.09722222222222222
0 0.4828125 0.7388888888888889 0.0546875 0.09722222222222222
0 0.55546875 0.7083333333333334 0.0546875 0.09722222222222222
0 0.6078125 0.6777777777777778 0.0546875 0.09722222222222222
0 0.7359375 0.8222222222222223 0.0546875 0.09722222222222222
0 0.78671875 0.5861111111111111 0.0546875 0.09722222222222222
0 0.928125 0.5972222222222223 0.0546875 0.09722222222222222
0 0.934375 0.8166666666666668 0.0546875 0.09722222222222222
0 0.4078125 0.8833333333333334 0.0546875 0.09722222222222222
0 0.06484375 0.5944444444444444 0.0546875 0.09722222222222222
0 0.2203125 0.8277777777777778 0.0546875 0.09722222222222222