0 0.428125 0.6944444444444445 0.0546875 0.09722222222222222
0 0.3734375 0.5805555555555556 0.0546875 0.09722222222222222
0 0.415625 0.5027777777777778 0.0546875 0.09722222222222222
0 0.61875 0.6513888888888889 0.0546875 0.09722222222222222
0 0.5984375 0.5291666666666667 0.0546875 0.09722222222222222
0 0.6671875 0.48194444444444445 0.0546875 0.09722222222222222
0 0.7875 0.6916666666666668 0.0546875 0.09722222222222222
0 0.8328125 0.5722222222222223 0.0546875 0.09722222222222222
0 0.865625 0.4305555555555555 0.0546875 0.09722222222222222
0 0.965625 0.49722222222222223 0.0546875 0.09722222222222222
0 0.0578125 0.5375 0.0546875 0.09722222222222222
0 0.1453125 0.4930555555555555 0.0546875 0.09722222222222222
0 0.06875 0.7194444444444444 0.0546875 0.09722222222222222