0 0.1859375 0.7138888888888889 0.0546875 0.09722222222222222
0 0.18203125 0.5361111111111111 0.0546875 0.09722222222222222
0 0.1890625 0.43333333333333335 0.0546875 0.09722222222222222
0 0.315625 0.3 0.0546875 0.09722222222222222
0 0.29375 0.4388888888888889 0.0546875 0.09722222222222222
0 0.35 0.45555555555555555 0.0546875 0.09722222222222222
0 0.4546875 0.41944444444444445 0.0546875 0.09722222222222222
0 0.434375 0.5638888888888889 0.0546875 0.09722222222222222
0 0.4578125 0.6791666666666667 0.0546875 0.09722222222222222
0 0.50703125 0.576388888888889 0.0546875 0.09722222222222222
0 0.6828125 0.5375 0.0546875 0.09722222222222222
0 0.75078125 0.7083333333333334 0.0546875 0.09722222222222222
0 0.8796875 0.7180555555555556 0.0546875 0.09722222222222222
0 0.7640625 0.49166666666666664 0.0546875 0.09722222222222222
0 0.8796875 0.5013888888888889 0.0546875 0.09722222222222222