0 0.359375 0.5750000000000001 0.0546875 0.09722222222222222
0 0.45234375 0.4458333333333333 0.0546875 0.09722222222222222
0 0.64453125 0.46249999999999997 0.0546875 0.09722222222222222
0 0.696875 0.4847222222222222 0.0546875 0.09722222222222222
0 0.65 0.5930555555555556 0.0546875 0.09722222222222222
0 0.8046875 0.5569444444444445 0.0546875 0.09722222222222222
0 0.865625 0.48194444444444445 0.0546875 0.09722222222222222
0 0.06875 0.38055555555555554 0.0546875 0.09722222222222222
0 0.0359375 0.5875 0.0546875 0.09722222222222222
0 0.2515625 0.5041666666666667 0.0546875 0.09722222222222222
0 0.2640625 0.675 0.0546875 0.09722222222222222