0 0.22734375 0.6708333333333334 0.0546875 0.09722222222222222
0 0.059375 0.601388888888889 0.0546875 0.09722222222222222
0 0.35390625 0.5347222222222222 0.0546875 0.09722222222222222
0 0.43515625 0.5736111111111112 0.0546875 0.09722222222222222
0 0.5140625 0.4861111111111111 0.0546875 0.09722222222222222
0 0.4015625 0.875 0.0546875 0.09722222222222222
0 0.4875 0.7319444444444445 0.0546875 0.09722222222222222
0 0.5578125 0.6944444444444445 0.0546875 0.09722222222222222
0 0.6125 0.6833333333333333 0.0546875 0.09722222222222222
0 0.740625 0.8027777777777778 0.0546875 0.09722222222222222
0 0.778125 0.5916666666666667 0.0546875 0.09722222222222222
0 0.9296875 0.8041666666666667 0.0546875 0.09722222222222222
0 0.9265625 0.6291666666666668 0.0546875 0.09722222222222222
0 0.975390625 0.6888888888888889 0.04765625 0.09722222222222222
0 0.21875 0.826388888888889 0.0546875 0.09722222222222222
0 0.2953125 0.4263888888888889 0.0546875 0.09722222222222222