0 0.35625 0.6208333333333333 0.0546875 0.09722222222222222
0 0.265625 0.5291666666666667 0.0546875 0.09722222222222222
0 0.1234375 0.47638888888888886 0.0546875 0.09722222222222222
0 0.46640625 0.7625000000000001 0.0546875 0.09722222222222222
0 0.5265625 0.3861111111111111 0.0546875 0.09722222222222222
0 0.6390625 0.576388888888889 0.0546875 0.09722222222222222
0 0.66796875 0.7180555555555556 0.0546875 0.09722222222222222
0 0.85625 0.6847222222222222 0.0546875 0.09722222222222222
0 0.95546875 0.5083333333333333 0.0546875 0.09722222222222222
0 0.975390625 0.6708333333333334 0.04765625 0.09722222222222222
0 0.68359375 0.4791666666666667 0.0546875 0.09722222222222222