0 0.44921875 0.6041666666666667 0.0546875 0.09722222222222222
0 0.7515625 0.4083333333333333 0.0546875 0.09722222222222222
0 0.73828125 0.6541666666666667 0.0546875 0.09722222222222222
0 0.94765625 0.6472222222222223 0.0546875 0.09722222222222222
0 0.6171875 0.41388888888888886 0.0546875 0.09722222222222222
0 0.46796875 0.45555555555555555 0.0546875 0.09722222222222222
0 0.32265625 0.5444444444444445 0.0546875 0.09722222222222222
0 0.4171875 0.8916666666666667 0.0546875 0.09722222222222222
0 0.1796875 0.6208333333333333 0.0546875 0.09722222222222222
0 0.59140625 0.7541666666666668 0.0546875 0.09722222222222222
0 0.1921875 0.41805555555555557 0.0546875 0.09722222222222222
0 0.03046875 0.5791666666666667 0.0546875 0.09722222222222222