0 0.06171875 0.5375 0.0546875 0.09722222222222222
0 0.14453125 0.49583333333333335 0.0546875 0.09722222222222222
0 0.0828125 0.6972222222222223 0.0546875 0.09722222222222222
0 0.36875 0.5930555555555556 0.0546875 0.09722222222222222
0 0.4234375 0.7000000000000001 0.0546875 0.09722222222222222
0 0.41796875 0.5180555555555556 0.0546875 0.09722222222222222
0 0.6265625 0.6430555555555556 0.0546875 0.09722222222222222
0 0.65859375 0.4930555555555555 0.0546875 0.09722222222222222
0 0.7859375 0.6916666666666668 0.0546875 0.09722222222222222
0 0.84765625 0.5902777777777778 0.0546875 0.09722222222222222
0 0.87890625 0.46249999999999997 0.0546875 0.09722222222222222
0 0.93984375 0.5291666666666667 0.0546875 0.09722222222222222