0 0.06328125 0.5486111111111112 0.0546875 0.09722222222222222
0 0.14609375 0.49722222222222223 0.0546875 0.09722222222222222
0 0.0875 0.7027777777777778 0.0546875 0.09722222222222222
0 0.3765625 0.5916666666666667 0.0546875 0.09722222222222222
0 0.42265625 0.49722222222222223 0.0546875 0.09722222222222222
0 0.4296875 0.7000000000000001 0.0546875 0.09722222222222222
0 0.7890625 0.6861111111111111 0.0546875 0.09722222222222222
0 0.62734375 0.6416666666666667 0.0546875 0.09722222222222222
0 0.88203125 0.4638888888888889 0.0546875 0.09722222222222222
0 0.8453125 0.5819444444444445 0.0546875 0.09722222222222222
0 0.65625 0.49583333333333335 0.0546875 0.09722222222222222