0 0.32265625 0.5444444444444445 0.0546875 0.09722222222222222
0 0.17890625 0.6180555555555556 0.0546875 0.09722222222222222
0 0.18828125 0.4166666666666667 0.0546875 0.09722222222222222
0 0.465625 0.45555555555555555 0.0546875 0.09722222222222222
0 0.4546875 0.5944444444444444 0.0546875 0.09722222222222222
0 0.42265625 0.888888888888889 0.0546875 0.09722222222222222
0 0.7421875 0.6569444444444444 0.0546875 0.09722222222222222
0 0.75546875 0.4083333333333333 0.0546875 0.09722222222222222
0 0.9484375 0.65 0.0546875 0.09722222222222222
0 0.58984375 0.7513888888888889 0.0546875 0.09722222222222222
0 0.659375 0.7513888888888889 0.0546875 0.09722222222222222
0 0.61484375 0.4166666666666667 0.0546875 0.09722222222222222
0 0.05 0.5833333333333334 0.0546875 0.09722222222222222