0 0.184375 0.42916666666666664 0.0546875 0.09722222222222222
0 0.31015625 0.2902777777777778 0.0546875 0.09722222222222222
0 0.28984375 0.44305555555555554 0.0546875 0.09722222222222222
0 0.45390625 0.42083333333333334 0.0546875 0.09722222222222222
0 0.496875 0.5708333333333334 0.0546875 0.09722222222222222
0 0.428125 0.5625 0.0546875 0.09722222222222222
0 0.45078125 0.6833333333333333 0.0546875 0.09722222222222222
0 0.1953125 0.5291666666666667 0.0546875 0.09722222222222222
0 0.18828125 0.7111111111111111 0.0546875 0.09722222222222222
0 0.68046875 0.5291666666666667 0.0546875 0.09722222222222222
0 0.765625 0.6972222222222223 0.0546875 0.09722222222222222
0 0.8734375 0.5041666666666667 0.0546875 0.09722222222222222
0 0.88671875 0.7180555555555556 0.0546875 0.09722222222222222