0 0.19609375 0.5277777777777778 0.0546875 0.09722222222222222
0 0.18828125 0.425 0.0546875 0.09722222222222222
0 0.30859375 0.3 0.0546875 0.09722222222222222
0 0.296875 0.45555555555555555 0.0546875 0.09722222222222222
0 0.4265625 0.5722222222222223 0.0546875 0.09722222222222222
0 0.44453125 0.6861111111111111 0.0546875 0.09722222222222222
0 0.50625 0.5722222222222223 0.0546875 0.09722222222222222
0 0.453125 0.4166666666666667 0.0546875 0.09722222222222222
0 0.68125 0.525 0.0546875 0.09722222222222222
0 0.7703125 0.6972222222222223 0.0546875 0.09722222222222222
0 0.8890625 0.7250000000000001 0.0546875 0.09722222222222222
0 0.8765625 0.5027777777777778 0.0546875 0.09722222222222222
0 0.1890625 0.7083333333333334 0.0546875 0.09722222222222222