0 0.1859375 0.4222222222222222 0.0546875 0.09722222222222222
0 0.3125 0.2916666666666667 0.0546875 0.09722222222222222
0 0.2890625 0.4527777777777778 0.0546875 0.09722222222222222
0 0.4234375 0.5638888888888889 0.0546875 0.09722222222222222
0 0.45859375 0.4236111111111111 0.0546875 0.09722222222222222
0 0.184375 0.5222222222222223 0.0546875 0.09722222222222222
0 0.18515625 0.6916666666666668 0.0546875 0.09722222222222222
0 0.68359375 0.5291666666666667 0.0546875 0.09722222222222222
0 0.7703125 0.6902777777777779 0.0546875 0.09722222222222222
0 0.87109375 0.5083333333333333 0.0546875 0.09722222222222222
0 0.51015625 0.5666666666666668 0.0546875 0.09722222222222222
0 0.4484375 0.6833333333333333 0.0546875 0.09722222222222222