0 0.321875 0.5430555555555556 0.0546875 0.09722222222222222
0 0.18203125 0.6180555555555556 0.0546875 0.09722222222222222
0 0.19296875 0.4166666666666667 0.0546875 0.09722222222222222
0 0.03671875 0.5805555555555556 0.0546875 0.09722222222222222
0 0.41875 0.8875000000000001 0.0546875 0.09722222222222222
0 0.45078125 0.6041666666666667 0.0546875 0.09722222222222222
0 0.46796875 0.45694444444444443 0.0546875 0.09722222222222222
0 0.42734375 0.24166666666666667 0.0546875 0.09722222222222222
0 0.73515625 0.6486111111111111 0.0546875 0.09722222222222222
0 0.59140625 0.7583333333333334 0.0546875 0.09722222222222222
0 0.9484375 0.6583333333333334 0.0546875 0.09722222222222222
0 0.75078125 0.40555555555555556 0.0546875 0.09722222222222222
0 0.61328125 0.4125 0.0546875 0.09722222222222222