0 0.06015625 0.5402777777777777 0.0546875 0.09722222222222222
0 0.08359375 0.7111111111111111 0.0546875 0.09722222222222222
0 0.14375 0.49722222222222223 0.0546875 0.09722222222222222
0 0.428125 0.7000000000000001 0.0546875 0.09722222222222222
0 0.37421875 0.5972222222222223 0.0546875 0.09722222222222222
0 0.41953125 0.5166666666666667 0.0546875 0.09722222222222222
0 0.7890625 0.6888888888888889 0.0546875 0.09722222222222222
0 0.8453125 0.5916666666666667 0.0546875 0.09722222222222222
0 0.87734375 0.4638888888888889 0.0546875 0.09722222222222222
0 0.94296875 0.5361111111111111 0.0546875 0.09722222222222222
0 0.6578125 0.4930555555555555 0.0546875 0.09722222222222222
0 0.621875 0.6347222222222223 0.0546875 0.09722222222222222
0 0.90703125 0.7166666666666667 0.0546875 0.09722222222222222