0 0.5953125 0.6083333333333334 0.0546875 0.09722222222222222
0 0.67890625 0.5347222222222222 0.0546875 0.09722222222222222
0 0.5640625 0.3541666666666667 0.0546875 0.09722222222222222
0 0.5265625 0.26944444444444443 0.0546875 0.09722222222222222
0 0.5421875 0.5402777777777777 0.0546875 0.09722222222222222
0 0.4046875 0.5430555555555556 0.0546875 0.09722222222222222
0 0.39140625 0.7416666666666667 0.0546875 0.09722222222222222
0 0.23203125 0.5430555555555556 0.0546875 0.09722222222222222
0 0.21875 0.3861111111111111 0.0546875 0.09722222222222222
0 0.171875 0.4861111111111111 0.0546875 0.09722222222222222
0 0.12265625 0.5625 0.0546875 0.09722222222222222