0 0.08828125 0.41944444444444445 0.0546875 0.09722222222222222
0 0.215625 0.5027777777777778 0.0546875 0.09722222222222222
0 0.05546875 0.5916666666666667 0.0546875 0.09722222222222222
0 0.39453125 0.6986111111111112 0.0546875 0.09722222222222222
0 0.50859375 0.7458333333333333 0.0546875 0.09722222222222222
0 0.5890625 0.8013888888888889 0.0546875 0.09722222222222222
0 0.471875 0.4125 0.0546875 0.09722222222222222
0 0.56640625 0.5375 0.0546875 0.09722222222222222
0 0.7828125 0.6708333333333334 0.0546875 0.09722222222222222
0 0.765625 0.4888888888888889 0.0546875 0.09722222222222222
0 0.9203125 0.7805555555555556 0.0546875 0.09722222222222222
0 0.3890625 0.375 0.0546875 0.09722222222222222
0 0.884375 0.6166666666666667 0.0546875 0.09722222222222222