0 0.0578125 0.5972222222222223 0.0546875 0.09722222222222222
0 0.2265625 0.6763888888888889 0.0546875 0.09722222222222222
0 0.39921875 0.8666666666666667 0.0546875 0.09722222222222222
0 0.35390625 0.55 0.0546875 0.09722222222222222
0 0.43125 0.5750000000000001 0.0546875 0.09722222222222222
0 0.5140625 0.48194444444444445 0.0546875 0.09722222222222222
0 0.4875 0.7250000000000001 0.0546875 0.09722222222222222
0 0.55625 0.7041666666666667 0.0546875 0.09722222222222222
0 0.60703125 0.6791666666666667 0.0546875 0.09722222222222222
0 0.77734375 0.5958333333333334 0.0546875 0.09722222222222222
0 0.93515625 0.8166666666666668 0.0546875 0.09722222222222222
0 0.753125 0.7944444444444445 0.0546875 0.09722222222222222
0 0.74296875 0.4930555555555555 0.0546875 0.09722222222222222
0 0.93203125 0.6097222222222223 0.0546875 0.09722222222222222
0 0.0671875 0.8 0.0546875 0.09722222222222222