0 0.540625 0.5291666666666667 0.0546875 0.09722222222222222
0 0.59609375 0.6111111111111112 0.0546875 0.09722222222222222
0 0.68515625 0.5347222222222222 0.0546875 0.09722222222222222
0 0.56171875 0.35833333333333334 0.0546875 0.09722222222222222
0 0.53046875 0.25555555555555554 0.0546875 0.09722222222222222
0 0.4046875 0.5458333333333334 0.0546875 0.09722222222222222
0 0.2375 0.5444444444444445 0.0546875 0.09722222222222222
0 0.21953125 0.37916666666666665 0.0546875 0.09722222222222222
0 0.16328125 0.4930555555555555 0.0546875 0.09722222222222222
0 0.12265625 0.5652777777777779 0.0546875 0.09722222222222222
0 0.3875 0.7375 0.0546875 0.09722222222222222