0 0.8640625 0.6916666666666668 0.0546875 0.09722222222222222
0 0.95859375 0.5027777777777778 0.0546875 0.09722222222222222
0 0.97421875 0.6763888888888889 0.05 0.09722222222222222
0 0.90078125 0.6125 0.0546875 0.09722222222222222
0 0.64140625 0.5819444444444445 0.0546875 0.09722222222222222
0 0.46796875 0.7597222222222223 0.0546875 0.09722222222222222
0 0.35625 0.6097222222222223 0.0546875 0.09722222222222222
0 0.5234375 0.3875 0.0546875 0.09722222222222222
0 0.2671875 0.5375 0.0546875 0.09722222222222222
0 0.1140625 0.47777777777777775 0.0546875 0.09722222222222222
0 0.66796875 0.7069444444444445 0.0546875 0.09722222222222222