0 0.59296875 0.7958333333333334 0.0546875 0.09722222222222222
0 0.22109375 0.5013888888888889 0.0546875 0.09722222222222222
0 0.0703125 0.425 0.0546875 0.09722222222222222
0 0.071875 0.5847222222222223 0.0546875 0.09722222222222222
0 0.51484375 0.7361111111111112 0.0546875 0.09722222222222222
0 0.390625 0.6958333333333334 0.0546875 0.09722222222222222
0 0.65390625 0.5541666666666667 0.0546875 0.09722222222222222
0 0.56640625 0.5416666666666667 0.0546875 0.09722222222222222
0 0.4703125 0.4166666666666667 0.0546875 0.09722222222222222
0 0.7859375 0.6791666666666667 0.0546875 0.09722222222222222
0 0.76484375 0.49166666666666664 0.0546875 0.09722222222222222
0 0.9203125 0.7819444444444444 0.0546875 0.09722222222222222