0 0.446875 0.4361111111111111 0.0546875 0.09722222222222222
0 0.365625 0.5791666666666667 0.0546875 0.09722222222222222
0 0.027734375000000002 0.5750000000000001 0.05390625 0.09722222222222222
0 0.065625 0.3986111111111111 0.0546875 0.09722222222222222
0 0.64375 0.4708333333333333 0.0546875 0.09722222222222222
0 0.6953125 0.4791666666666667 0.0546875 0.09722222222222222
0 0.86953125 0.5013888888888889 0.0546875 0.09722222222222222
0 0.653125 0.6125 0.0546875 0.09722222222222222
0 0.79609375 0.5777777777777778 0.0546875 0.09722222222222222
0 0.97734375 0.48194444444444445 0.04375 0.09722222222222222
0 0.24609375 0.49722222222222223 0.0546875 0.09722222222222222
0 0.26328125 0.6583333333333334 0.0546875 0.09722222222222222