0 0.16015625 0.5819444444444445 0.0546875 0.09722222222222222
0 0.75078125 0.48055555555555557 0.0546875 0.09722222222222222
0 0.91875 0.6513888888888889 0.0546875 0.09722222222222222
0 0.559375 0.6194444444444445 0.0546875 0.09722222222222222
0 0.5921875 0.4666666666666667 0.0546875 0.09722222222222222
0 0.3515625 0.6625000000000001 0.0546875 0.09722222222222222
0 0.353125 0.4666666666666667 0.0546875 0.09722222222222222
0 0.51953125 0.48055555555555557 0.0546875 0.09722222222222222
0 0.68125 0.5875 0.0546875 0.09722222222222222
0 0.38828125 0.6458333333333334 0.0546875 0.09722222222222222
0 0.9109375 0.4388888888888889 0.0546875 0.09722222222222222