0 0.05625 0.6125 0.0546875 0.09722222222222222
0 0.22578125 0.6819444444444445 0.0546875 0.09722222222222222
0 0.36171875 0.5375 0.0546875 0.09722222222222222
0 0.5171875 0.49166666666666664 0.0546875 0.09722222222222222
0 0.43125 0.5777777777777778 0.0546875 0.09722222222222222
0 0.3984375 0.8722222222222222 0.0546875 0.09722222222222222
0 0.48984375 0.7347222222222223 0.0546875 0.09722222222222222
0 0.56015625 0.6958333333333334 0.0546875 0.09722222222222222
0 0.6078125 0.6694444444444445 0.0546875 0.09722222222222222
0 0.74453125 0.7944444444444445 0.0546875 0.09722222222222222
0 0.78515625 0.5986111111111112 0.0546875 0.09722222222222222
0 0.7375 0.4986111111111111 0.0546875 0.09722222222222222
0 0.93203125 0.6027777777777779 0.0546875 0.09722222222222222
0 0.93515625 0.8208333333333334 0.0546875 0.09722222222222222
0 0.975390625 0.6930555555555556 0.04765625 0.09722222222222222