0 0.365625 0.5708333333333334 0.0546875 0.09722222222222222
0 0.44921875 0.43194444444444446 0.0546875 0.09722222222222222
0 0.64609375 0.4708333333333333 0.0546875 0.09722222222222222
0 0.64765625 0.5986111111111112 0.0546875 0.09722222222222222
0 0.8625 0.5 0.0546875 0.09722222222222222
0 0.79375 0.5833333333333334 0.0546875 0.09722222222222222
0 0.25078125 0.5041666666666667 0.0546875 0.09722222222222222
0 0.0640625 0.3986111111111111 0.0546875 0.09722222222222222
0 0.02734375 0.5791666666666667 0.053125 0.09722222222222222
0 0.26015625 0.6583333333333334 0.0546875 0.09722222222222222
0 0.97890625 0.49166666666666664 0.040625 0.09722222222222222
0 0.696875 0.48194444444444445 0.0546875 0.09722222222222222