0 0.23046875 0.6736111111111112 0.0546875 0.09722222222222222
0 0.05625 0.6041666666666667 0.0546875 0.09722222222222222
0 0.0703125 0.7861111111111112 0.0546875 0.09722222222222222
0 0.3546875 0.5472222222222223 0.0546875 0.09722222222222222
0 0.4328125 0.5750000000000001 0.0546875 0.09722222222222222
0 0.5171875 0.4847222222222222 0.0546875 0.09722222222222222
0 0.48984375 0.7319444444444445 0.0546875 0.09722222222222222
0 0.3953125 0.8722222222222222 0.0546875 0.09722222222222222
0 0.55390625 0.6986111111111112 0.0546875 0.09722222222222222
0 0.60625 0.6805555555555556 0.0546875 0.09722222222222222
0 0.77890625 0.5916666666666667 0.0546875 0.09722222222222222
0 0.74921875 0.788888888888889 0.0546875 0.09722222222222222
0 0.93125 0.6097222222222223 0.0546875 0.09722222222222222
0 0.73984375 0.49583333333333335 0.0546875 0.09722222222222222
0 0.93359375 0.8152777777777779 0.0546875 0.09722222222222222
0 0.975 0.6958333333333334 0.0484375 0.09722222222222222