0 0.9078125 0.4375 0.0546875 0.09722222222222222
0 0.92109375 0.6416666666666667 0.0546875 0.09722222222222222
0 0.746875 0.475 0.0546875 0.09722222222222222
0 0.1703125 0.576388888888889 0.0546875 0.09722222222222222
0 0.371875 0.6611111111111112 0.0546875 0.09722222222222222
0 0.38515625 0.525 0.0546875 0.09722222222222222
0 0.515625 0.4861111111111111 0.0546875 0.09722222222222222
0 0.58828125 0.48333333333333334 0.0546875 0.09722222222222222
0 0.55859375 0.6180555555555556 0.0546875 0.09722222222222222
0 0.684375 0.576388888888889 0.0546875 0.09722222222222222
0 0.80703125 0.5944444444444444 0.0546875 0.09722222222222222
0 0.784375 0.7680555555555556 0.0546875 0.09722222222222222