0 0.03125 0.4638888888888889 0.0546875 0.09722222222222222
0 0.08828125 0.41388888888888886 0.0546875 0.09722222222222222
0 0.21484375 0.5013888888888889 0.0546875 0.09722222222222222
0 0.390625 0.6986111111111112 0.0546875 0.09722222222222222
0 0.5875 0.8138888888888889 0.0546875 0.09722222222222222
0 0.65546875 0.5583333333333333 0.0546875 0.09722222222222222
0 0.78359375 0.6805555555555556 0.0546875 0.09722222222222222
0 0.5125 0.7375 0.0546875 0.09722222222222222
0 0.565625 0.5305555555555556 0.0546875 0.09722222222222222
0 0.7625 0.5 0.0546875 0.09722222222222222
0 0.471875 0.41944444444444445 0.0546875 0.09722222222222222
0 0.38359375 0.4111111111111111 0.0546875 0.09722222222222222
0 0.9171875 0.7625000000000001 0.0546875 0.09722222222222222
0 0.8890625 0.6291666666666668 0.0546875 0.09722222222222222