0 0.0578125 0.5388888888888889 0.0546875 0.09722222222222222
0 0.1421875 0.5027777777777778 0.0546875 0.09722222222222222
0 0.084375 0.7152777777777778 0.0546875 0.09722222222222222
0 0.37421875 0.5958333333333334 0.0546875 0.09722222222222222
0 0.4140625 0.5194444444444445 0.0546875 0.09722222222222222
0 0.4296875 0.6888888888888889 0.0546875 0.09722222222222222
0 0.625 0.6458333333333334 0.0546875 0.09722222222222222
0 0.7875 0.6972222222222223 0.0546875 0.09722222222222222
0 0.840625 0.5805555555555556 0.0546875 0.09722222222222222
0 0.87109375 0.4611111111111111 0.0546875 0.09722222222222222
0 0.59375 0.5305555555555556 0.0546875 0.09722222222222222
0 0.65546875 0.49444444444444446 0.0546875 0.09722222222222222
0 0.9421875 0.5236111111111111 0.0546875 0.09722222222222222
0 0.9046875 0.7111111111111111 0.0546875 0.09722222222222222