0 0.0375 0.5777777777777778 0.0546875 0.09722222222222222
0 0.18671875 0.4236111111111111 0.0546875 0.09722222222222222
0 0.18046875 0.6166666666666667 0.0546875 0.09722222222222222
0 0.31953125 0.5444444444444445 0.0546875 0.09722222222222222
0 0.4234375 0.25555555555555554 0.0546875 0.09722222222222222
0 0.46640625 0.4652777777777778 0.0546875 0.09722222222222222
0 0.45 0.5972222222222223 0.0546875 0.09722222222222222
0 0.4171875 0.888888888888889 0.0546875 0.09722222222222222
0 0.59375 0.7555555555555556 0.0546875 0.09722222222222222
0 0.61328125 0.4166666666666667 0.0546875 0.09722222222222222
0 0.75078125 0.39444444444444443 0.0546875 0.09722222222222222
0 0.7375 0.6458333333333334 0.0546875 0.09722222222222222
0 0.9453125 0.6361111111111112 0.0546875 0.09722222222222222
0 0.91953125 0.8611111111111112 0.0546875 0.09722222222222222
