0 0.534375 0.5402777777777777 0.0546875 0.09722222222222222
0 0.59375 0.6055555555555556 0.0546875 0.09722222222222222
0 0.6828125 0.5263888888888889 0.0546875 0.09722222222222222
0 0.2296875 0.5347222222222222 0.0546875 0.09722222222222222
0 0.22265625 0.37777777777777777 0.0546875 0.09722222222222222
0 0.4046875 0.5402777777777777 0.0546875 0.09722222222222222
0 0.53046875 0.2791666666666667 0.0546875 0.09722222222222222
0 0.5609375 0.35833333333333334 0.0546875 0.09722222222222222
0 0.390625 0.7458333333333333 0.0546875 0.09722222222222222
0 0.1203125 0.5583333333333333 0.0546875 0.09722222222222222
0 0.1671875 0.49444444444444446 0.0546875 0.09722222222222222