0 0.1671875 0.5708333333333334 0.0546875 0.09722222222222222
0 0.3546875 0.4666666666666667 0.0546875 0.09722222222222222
0 0.3671875 0.6611111111111112 0.0546875 0.09722222222222222
0 0.51484375 0.49166666666666664 0.0546875 0.09722222222222222
0 0.55 0.6222222222222222 0.0546875 0.09722222222222222
0 0.596875 0.4888888888888889 0.0546875 0.09722222222222222
0 0.740625 0.48055555555555557 0.0546875 0.09722222222222222
0 0.7828125 0.7763888888888889 0.0546875 0.09722222222222222
0 0.9171875 0.6319444444444445 0.0546875 0.09722222222222222
0 0.9125 0.43333333333333335 0.0546875 0.09722222222222222
0 0.80703125 0.5902777777777778 0.0546875 0.09722222222222222
0 0.6828125 0.5777777777777778 0.0546875 0.09722222222222222
