0 0.053125 0.4736111111111111 0.0546875 0.09722222222222222
0 0.2234375 0.49722222222222223 0.0546875 0.09722222222222222
0 0.78125 0.6666666666666667 0.0546875 0.09722222222222222
0 0.82578125 0.04027777777777778 0.0546875 0.07777777777777778
0 0.5890625 0.8027777777777778 0.0546875 0.09722222222222222
0 0.38515625 0.6986111111111112 0.0546875 0.09722222222222222
0 0.51640625 0.7347222222222223 0.0546875 0.09722222222222222
0 0.46953125 0.4111111111111111 0.0546875 0.09722222222222222
0 0.65625 0.5541666666666667 0.0546875 0.09722222222222222
0 0.7625 0.5 0.0546875 0.09722222222222222
0 0.91796875 0.7791666666666667 0.0546875 0.09722222222222222
0 0.884375 0.6277777777777779 0.0546875 0.09722222222222222
0 0.56875 0.5319444444444444 0.0546875 0.09722222222222222
0 0.38125 0.4083333333333333 0.0546875 0.09722222222222222
