0 0.0734375 0.6819444444444445 0.0546875 0.09722222222222222
0 0.18671875 0.7097222222222223 0.0546875 0.09722222222222222
0 0.171875 0.5333333333333333 0.0546875 0.09722222222222222
0 0.1828125 0.4305555555555555 0.0546875 0.09722222222222222
0 0.3125 0.3 0.0546875 0.09722222222222222
0 0.29140625 0.45 0.0546875 0.09722222222222222
0 0.34296875 0.46944444444444444 0.0546875 0.09722222222222222
0 0.4296875 0.5638888888888889 0.0546875 0.09722222222222222
0 0.5046875 0.5750000000000001 0.0546875 0.09722222222222222
0 0.46015625 0.42083333333333334 0.0546875 0.09722222222222222
0 0.4484375 0.6847222222222222 0.0546875 0.09722222222222222
0 0.6796875 0.5347222222222222 0.0546875 0.09722222222222222
0 0.75859375 0.6847222222222222 0.0546875 0.09722222222222222
0 0.89375 0.7277777777777779 0.0546875 0.09722222222222222
0 0.878125 0.5097222222222223 0.0546875 0.09722222222222222
0 0.7609375 0.5083333333333333 0.0546875 0.09722222222222222
