0 0.115625 0.46944444444444444 0.0546875 0.09722222222222222
0 0.259375 0.5319444444444444 0.0546875 0.09722222222222222
0 0.3578125 0.6111111111111112 0.0546875 0.09722222222222222
0 0.465625 0.75 0.0546875 0.09722222222222222
0 0.5234375 0.37916666666666665 0.0546875 0.09722222222222222
0 0.4734375 0.625 0.0546875 0.09722222222222222
0 0.64140625 0.5833333333333334 0.0546875 0.09722222222222222
0 0.67578125 0.4666666666666667 0.0546875 0.09722222222222222
0 0.8578125 0.6833333333333333 0.0546875 0.09722222222222222
0 0.8984375 0.6222222222222222 0.0546875 0.09722222222222222
0 0.9609375 0.49444444444444446 0.0546875 0.09722222222222222
0 0.671875 0.7194444444444444 0.0546875 0.09722222222222222