0 0.0671875 0.43194444444444446 0.0546875 0.09722222222222222
0 0.2328125 0.3958333333333333 0.0546875 0.09722222222222222
0 0.2453125 0.5944444444444444 0.0546875 0.09722222222222222
0 0.125 0.5375 0.0546875 0.09722222222222222
0 0.1390625 0.7111111111111111 0.0546875 0.09722222222222222
0 0.434375 0.4791666666666667 0.0546875 0.09722222222222222
0 0.4734375 0.5513888888888889 0.0546875 0.09722222222222222
0 0.58828125 0.5611111111111111 0.0546875 0.09722222222222222
0 0.6671875 0.6041666666666667 0.0546875 0.09722222222222222
0 0.83203125 0.6972222222222223 0.0546875 0.09722222222222222
0 0.81015625 0.5152777777777778 0.0546875 0.09722222222222222
