0 0.18515625 0.7027777777777778 0.0546875 0.09722222222222222
0 0.1859375 0.43333333333333335 0.0546875 0.09722222222222222
0 0.1828125 0.5347222222222222 0.0546875 0.09722222222222222
0 0.3078125 0.2972222222222222 0.0546875 0.09722222222222222
0 0.4578125 0.4166666666666667 0.0546875 0.09722222222222222
0 0.509375 0.5694444444444445 0.0546875 0.09722222222222222
0 0.453125 0.6777777777777778 0.0546875 0.09722222222222222
0 0.42890625 0.5666666666666668 0.0546875 0.09722222222222222
0 0.68203125 0.5333333333333333 0.0546875 0.09722222222222222
0 0.76640625 0.6916666666666668 0.0546875 0.09722222222222222
0 0.86953125 0.5111111111111112 0.0546875 0.09722222222222222
0 0.884375 0.7250000000000001 0.0546875 0.09722222222222222
0 0.34296875 0.4722222222222222 0.0546875 0.09722222222222222
0 0.2953125 0.44722222222222224 0.0546875 0.09722222222222222