0 0.05859375 0.6083333333333334 0.0546875 0.09722222222222222
0 0.22265625 0.675 0.0546875 0.09722222222222222
0 0.2109375 0.8305555555555556 0.0546875 0.09722222222222222
0 0.35625 0.5472222222222223 0.0546875 0.09722222222222222
0 0.4375 0.5694444444444445 0.0546875 0.09722222222222222
0 0.4875 0.7333333333333334 0.0546875 0.09722222222222222
0 0.40078125 0.8694444444444445 0.0546875 0.09722222222222222
0 0.5125 0.48194444444444445 0.0546875 0.09722222222222222
0 0.5515625 0.7000000000000001 0.0546875 0.09722222222222222
0 0.60859375 0.6930555555555556 0.0546875 0.09722222222222222
0 0.7828125 0.5944444444444444 0.0546875 0.09722222222222222
0 0.7359375 0.49166666666666664 0.0546875 0.09722222222222222
0 0.740625 0.7916666666666667 0.0546875 0.09722222222222222
0 0.9328125 0.8069444444444445 0.0546875 0.09722222222222222
0 0.96953125 0.6944444444444445 0.0546875 0.09722222222222222
0 0.925 0.5972222222222223 0.0546875 0.09722222222222222