0 0.065625 0.39166666666666666 0.0546875 0.09722222222222222
0 0.0359375 0.5777777777777778 0.0546875 0.09722222222222222
0 0.3578125 0.5708333333333334 0.0546875 0.09722222222222222
0 0.44609375 0.4388888888888889 0.0546875 0.09722222222222222
0 0.2421875 0.5 0.0546875 0.09722222222222222
0 0.26328125 0.6666666666666667 0.0546875 0.09722222222222222
0 0.63671875 0.4652777777777778 0.0546875 0.09722222222222222
0 0.6890625 0.47638888888888886 0.0546875 0.09722222222222222
0 0.79375 0.5847222222222223 0.0546875 0.09722222222222222
0 0.8671875 0.4986111111111111 0.0546875 0.09722222222222222
0 0.6578125 0.6027777777777779 0.0546875 0.09722222222222222
