0 0.040625 0.5791666666666667 0.0546875 0.09722222222222222
0 0.184375 0.6222222222222222 0.0546875 0.09722222222222222
0 0.190625 0.41944444444444445 0.0546875 0.09722222222222222
0 0.32109375 0.5430555555555556 0.0546875 0.09722222222222222
0 0.428125 0.25555555555555554 0.0546875 0.09722222222222222
0 0.4625 0.4583333333333333 0.0546875 0.09722222222222222
0 0.4515625 0.5986111111111112 0.0546875 0.09722222222222222
0 0.41640625 0.888888888888889 0.0546875 0.09722222222222222
0 0.58984375 0.7430555555555556 0.0546875 0.09722222222222222
0 0.615625 0.4222222222222222 0.0546875 0.09722222222222222
0 0.7375 0.6527777777777778 0.0546875 0.09722222222222222
0 0.6578125 0.7708333333333334 0.0546875 0.09722222222222222
0 0.9140625 0.8611111111111112 0.0546875 0.09722222222222222
0 0.94453125 0.6555555555555556 0.0546875 0.09722222222222222
0 0.75078125 0.4083333333333333 0.0546875 0.09722222222222222
