0 0.06015625 0.6000000000000001 0.0546875 0.09722222222222222
0 0.2296875 0.6833333333333333 0.0546875 0.09722222222222222
0 0.3921875 0.8666666666666667 0.0546875 0.09722222222222222
0 0.353125 0.5388888888888889 0.0546875 0.09722222222222222
0 0.42890625 0.5722222222222223 0.0546875 0.09722222222222222
0 0.51328125 0.4861111111111111 0.0546875 0.09722222222222222
0 0.484375 0.7277777777777779 0.0546875 0.09722222222222222
0 0.928125 0.8083333333333333 0.0546875 0.09722222222222222
0 0.7484375 0.7805555555555556 0.0546875 0.09722222222222222
0 0.77734375 0.601388888888889 0.0546875 0.09722222222222222
0 0.61015625 0.6805555555555556 0.0546875 0.09722222222222222
0 0.5484375 0.6861111111111111 0.0546875 0.09722222222222222
0 0.7390625 0.4888888888888889 0.0546875 0.09722222222222222
0 0.93359375 0.6069444444444445 0.0546875 0.09722222222222222
0 0.97578125 0.6944444444444445 0.046875 0.09722222222222222
0 0.21484375 0.8250000000000001 0.0546875 0.09722222222222222