0 0.3578125 0.5750000000000001 0.0546875 0.09722222222222222
0 0.44375 0.43333333333333335 0.0546875 0.09722222222222222
0 0.6953125 0.4847222222222222 0.0546875 0.09722222222222222
0 0.64609375 0.46944444444444444 0.0546875 0.09722222222222222
0 0.653125 0.5944444444444444 0.0546875 0.09722222222222222
0 0.79140625 0.5652777777777779 0.0546875 0.09722222222222222
0 0.8625 0.5055555555555555 0.0546875 0.09722222222222222
0 0.06875 0.39166666666666666 0.0546875 0.09722222222222222
0 0.028125 0.5791666666666667 0.0546875 0.09722222222222222
0 0.26171875 0.6472222222222223 0.0546875 0.09722222222222222
0 0.25 0.4888888888888889 0.0546875 0.09722222222222222