0 0.0625 0.4361111111111111 0.0546875 0.09722222222222222
0 0.1203125 0.5444444444444445 0.0546875 0.09722222222222222
0 0.22734375 0.39444444444444443 0.0546875 0.09722222222222222
0 0.24375 0.5902777777777778 0.0546875 0.09722222222222222
0 0.4359375 0.4861111111111111 0.0546875 0.09722222222222222
0 0.4765625 0.5527777777777778 0.0546875 0.09722222222222222
0 0.5859375 0.5666666666666668 0.0546875 0.09722222222222222
0 0.671875 0.5972222222222223 0.0546875 0.09722222222222222
0 0.80703125 0.5180555555555556 0.0546875 0.09722222222222222
0 0.8296875 0.6972222222222223 0.0546875 0.09722222222222222
0 0.8859375 0.48055555555555557 0.0546875 0.09722222222222222
0 0.14609375 0.7166666666666667 0.0546875 0.09722222222222222
