0 0.0578125 0.5527777777777778 0.0546875 0.09722222222222222
0 0.146875 0.5111111111111112 0.0546875 0.09722222222222222
0 0.08046875 0.7166666666666667 0.0546875 0.09722222222222222
0 0.36484375 0.5930555555555556 0.0546875 0.09722222222222222
0 0.4296875 0.7027777777777778 0.0546875 0.09722222222222222
0 0.41328125 0.5152777777777778 0.0546875 0.09722222222222222
0 0.6234375 0.6416666666666667 0.0546875 0.09722222222222222
0 0.653125 0.49583333333333335 0.0546875 0.09722222222222222
0 0.59140625 0.5416666666666667 0.0546875 0.09722222222222222
0 0.7875 0.6972222222222223 0.0546875 0.09722222222222222
0 0.87734375 0.46249999999999997 0.0546875 0.09722222222222222
0 0.9421875 0.5180555555555556 0.0546875 0.09722222222222222
0 0.8453125 0.5805555555555556 0.0546875 0.09722222222222222
0 0.903125 0.7125 0.0546875 0.09722222222222222
