0 0.07421875 0.675 0.0546875 0.09722222222222222
0 0.18203125 0.7194444444444444 0.0546875 0.09722222222222222
0 0.171875 0.5361111111111111 0.0546875 0.09722222222222222
0 0.1859375 0.425 0.0546875 0.09722222222222222
0 0.284375 0.4583333333333333 0.0546875 0.09722222222222222
0 0.309375 0.2861111111111111 0.0546875 0.09722222222222222
0 0.42421875 0.5652777777777779 0.0546875 0.09722222222222222
0 0.4578125 0.41388888888888886 0.0546875 0.09722222222222222
0 0.503125 0.5694444444444445 0.0546875 0.09722222222222222
0 0.44765625 0.6805555555555556 0.0546875 0.09722222222222222
0 0.67734375 0.5375 0.0546875 0.09722222222222222
0 0.76484375 0.6930555555555556 0.0546875 0.09722222222222222
0 0.8875 0.7250000000000001 0.0546875 0.09722222222222222
0 0.340625 0.4666666666666667 0.0546875 0.09722222222222222
0 0.87578125 0.5041666666666667 0.0546875 0.09722222222222222
