0 0.809375 0.5083333333333333 0.0546875 0.09722222222222222
0 0.8265625 0.6930555555555556 0.0546875 0.09722222222222222
0 0.671875 0.6097222222222223 0.0546875 0.09722222222222222
0 0.596875 0.5611111111111111 0.0546875 0.09722222222222222
0 0.47578125 0.5472222222222223 0.0546875 0.09722222222222222
0 0.44140625 0.47777777777777775 0.0546875 0.09722222222222222
0 0.2453125 0.5944444444444444 0.0546875 0.09722222222222222
0 0.23125 0.39166666666666666 0.0546875 0.09722222222222222
0 0.134375 0.7194444444444444 0.0546875 0.09722222222222222
0 0.121875 0.55 0.0546875 0.09722222222222222
0 0.06640625 0.43333333333333335 0.0546875 0.09722222222222222