0 0.221875 0.37777777777777777 0.0546875 0.09722222222222222
0 0.2296875 0.5402777777777777 0.0546875 0.09722222222222222
0 0.1671875 0.49027777777777776 0.0546875 0.09722222222222222
0 0.1203125 0.5569444444444445 0.0546875 0.09722222222222222
0 0.4015625 0.5458333333333334 0.0546875 0.09722222222222222
0 0.54140625 0.5416666666666667 0.0546875 0.09722222222222222
0 0.5234375 0.26666666666666666 0.0546875 0.09722222222222222
0 0.56328125 0.35277777777777775 0.0546875 0.09722222222222222
0 0.59375 0.6111111111111112 0.0546875 0.09722222222222222
0 0.3875 0.7472222222222222 0.0546875 0.09722222222222222
0 0.675 0.5222222222222223 0.0546875 0.09722222222222222
