0 0.39140625 0.6944444444444445 0.0546875 0.09722222222222222
0 0.590625 0.7972222222222223 0.0546875 0.09722222222222222
0 0.78203125 0.6763888888888889 0.0546875 0.09722222222222222
0 0.6546875 0.5513888888888889 0.0546875 0.09722222222222222
0 0.5703125 0.5333333333333333 0.0546875 0.09722222222222222
0 0.2203125 0.49583333333333335 0.0546875 0.09722222222222222
0 0.51015625 0.7375 0.0546875 0.09722222222222222
0 0.47109375 0.4111111111111111 0.0546875 0.09722222222222222
0 0.02890625 0.4583333333333333 0.0546875 0.09722222222222222
0 0.0890625 0.40555555555555556 0.0546875 0.09722222222222222
0 0.9234375 0.7611111111111112 0.0546875 0.09722222222222222
0 0.38046875 0.4111111111111111 0.0546875 0.09722222222222222
0 0.76015625 0.49166666666666664 0.0546875 0.09722222222222222
0 0.8890625 0.6277777777777779 0.0546875 0.09722222222222222
0 0.825 0.0375 0.0546875 0.07222222222222222