0 0.05546875 0.6069444444444445 0.0546875 0.09722222222222222
0 0.22734375 0.6722222222222223 0.0546875 0.09722222222222222
0 0.77734375 0.5944444444444444 0.0546875 0.09722222222222222
0 0.9328125 0.7986111111111112 0.0546875 0.09722222222222222
0 0.74140625 0.7833333333333334 0.0546875 0.09722222222222222
0 0.3953125 0.8666666666666667 0.0546875 0.09722222222222222
0 0.490625 0.7388888888888889 0.0546875 0.09722222222222222
0 0.36015625 0.5458333333333334 0.0546875 0.09722222222222222
0 0.4296875 0.5694444444444445 0.0546875 0.09722222222222222
0 0.509375 0.4930555555555555 0.0546875 0.09722222222222222
0 0.55 0.7000000000000001 0.0546875 0.09722222222222222
0 0.6078125 0.6944444444444445 0.0546875 0.09722222222222222
0 0.22421875 0.8125 0.0546875 0.09722222222222222
0 0.7421875 0.4888888888888889 0.0546875 0.09722222222222222
0 0.928125 0.6041666666666667 0.0546875 0.09722222222222222
0 0.97265625 0.6972222222222223 0.053125 0.09722222222222222
0 0.0640625 0.788888888888889 0.0546875 0.09722222222222222