0 0.03984375 0.5777777777777778 0.0546875 0.09722222222222222
0 0.32109375 0.5458333333333334 0.0546875 0.09722222222222222
0 0.42578125 0.25 0.0546875 0.09722222222222222
0 0.4625 0.4611111111111111 0.0546875 0.09722222222222222
0 0.4484375 0.6000000000000001 0.0546875 0.09722222222222222
0 0.41875 0.8833333333333334 0.0546875 0.09722222222222222
0 0.590625 0.7555555555555556 0.0546875 0.09722222222222222
0 0.73828125 0.6569444444444444 0.0546875 0.09722222222222222
0 0.75390625 0.4111111111111111 0.0546875 0.09722222222222222
0 0.61875 0.425 0.0546875 0.09722222222222222
0 0.95 0.6541666666666667 0.0546875 0.09722222222222222
0 0.91484375 0.8611111111111112 0.0546875 0.09722222222222222
0 0.18359375 0.4097222222222222 0.0546875 0.09722222222222222
0 0.1796875 0.6138888888888889 0.0546875 0.09722222222222222
