0 0.16953125 0.5791666666666667 0.0546875 0.09722222222222222
0 0.35546875 0.46805555555555556 0.0546875 0.09722222222222222
0 0.5140625 0.49166666666666664 0.0546875 0.09722222222222222
0 0.559375 0.6222222222222222 0.0546875 0.09722222222222222
0 0.36171875 0.6694444444444445 0.0546875 0.09722222222222222
0 0.746875 0.475 0.0546875 0.09722222222222222
0 0.9078125 0.4361111111111111 0.0546875 0.09722222222222222
0 0.91796875 0.638888888888889 0.0546875 0.09722222222222222
0 0.596875 0.4847222222222222 0.0546875 0.09722222222222222
0 0.6796875 0.5666666666666668 0.0546875 0.09722222222222222
0 0.7984375 0.6111111111111112 0.0546875 0.09722222222222222
0 0.78671875 0.7763888888888889 0.0546875 0.09722222222222222