0 0.3578125 0.576388888888889 0.0546875 0.09722222222222222
0 0.44375 0.4388888888888889 0.0546875 0.09722222222222222
0 0.65234375 0.5916666666666667 0.0546875 0.09722222222222222
0 0.7953125 0.5847222222222223 0.0546875 0.09722222222222222
0 0.8640625 0.49583333333333335 0.0546875 0.09722222222222222
0 0.06484375 0.39444444444444443 0.0546875 0.09722222222222222
0 0.03046875 0.5805555555555556 0.0546875 0.09722222222222222
0 0.69140625 0.48055555555555557 0.0546875 0.09722222222222222
0 0.64296875 0.4638888888888889 0.0546875 0.09722222222222222
0 0.246875 0.5 0.0546875 0.09722222222222222
0 0.240625 0.6472222222222223 0.0546875 0.09722222222222222
0 0.27265625 0.40694444444444444 0.0546875 0.09722222222222222