0 0.08828125 0.7055555555555556 0.0546875 0.09722222222222222
0 0.06015625 0.5388888888888889 0.0546875 0.09722222222222222
0 0.14296875 0.5027777777777778 0.0546875 0.09722222222222222
0 0.43515625 0.6916666666666668 0.0546875 0.09722222222222222
0 0.4125 0.5111111111111112 0.0546875 0.09722222222222222
0 0.365625 0.5916666666666667 0.0546875 0.09722222222222222
0 0.78671875 0.6916666666666668 0.0546875 0.09722222222222222
0 0.846875 0.5833333333333334 0.0546875 0.09722222222222222
0 0.87734375 0.4638888888888889 0.0546875 0.09722222222222222
0 0.93671875 0.5222222222222223 0.0546875 0.09722222222222222
0 0.621875 0.6416666666666667 0.0546875 0.09722222222222222
0 0.5921875 0.5277777777777778 0.0546875 0.09722222222222222
0 0.6578125 0.49166666666666664 0.0546875 0.09722222222222222