0 0.0876112676018045 0.417230056549436 0.046875 0.08333333
0 0.164284911334343 0.487977187586128 0.046875 0.08333333
0 0.171219485369426 0.754946229038516 0.046875 0.08333333
0 0.386463444173377 0.574634612813499 0.046875 0.08333333
0 0.561471531828785 0.585662481534114 0.046875 0.08333333
0 0.583345498131765 0.846972201048174 0.046875 0.08333333
0 0.628488453575746 0.436956235909891 0.046875 0.08333333
0 0.757720112261092 0.620534679898802 0.046875 0.08333333
0 0.801080697424233 0.277315834338354 0.046875 0.08333333
0 0.937813735088392 0.742401364216477 0.046875 0.08333333
0 0.94390195809911 0.36146420176186 0.046875 0.08333333
