0 0.0551733513820011 0.620342473835995 0.046875 0.08333333
0 0.0401466889452522 0.434712305133165 0.046875 0.08333333
0 0.256121926164991 0.49744015466648 0.046875 0.08333333
0 0.224780929951425 0.33060564182511 0.046875 0.08333333
0 0.31122277117398 0.785513549316854 0.046875 0.08333333
0 0.43626512725133 0.627886682800915 0.046875 0.08333333
0 0.372404096602804 0.35589469715731 0.046875 0.08333333
0 0.577411716282616 0.370535800771361 0.046875 0.08333333
0 0.725953555523316 0.386287962260268 0.046875 0.08333333
0 0.66563366862714 0.661632860333323 0.046875 0.08333333
0 0.877327172279577 0.594463906280792 0.046875 0.08333333
0 0.949235308103203 0.447033340875111 0.046875 0.08333333
