0 0.887980426656243 0.364529748002071 0.046875 0.08333333
0 0.81667482181761 0.602066877813365 0.046875 0.08333333
0 0.662925237939602 0.51309634367414 0.046875 0.08333333
0 0.685731421794115 0.277139420739244 0.046875 0.08333333
0 0.690100042583289 0.408308656798292 0.046875 0.08333333
0 0.463193717422268 0.561819559433009 0.046875 0.08333333
0 0.477534762843254 0.678539258715067 0.046875 0.08333333
0 0.485749038974383 0.382565239848099 0.046875 0.08333333
0 0.202226696298024 0.410007583553292 0.046875 0.08333333
0 0.119795316691233 0.507968277118775 0.046875 0.08333333
0 0.291191006674277 0.34673424650364 0.046875 0.08333333
