0 0.708573845080465 0.533528970253689 0.046875 0.08333333
0 0.520647772314848 0.471268112199553 0.046875 0.08333333
0 0.788207716731147 0.806599248896242 0.046875 0.08333333
0 0.894906820400462 0.806292480863929 0.046875 0.08333333
0 0.906387056234918 0.532493825716374 0.046875 0.08333333
0 0.425651379859309 0.537388816385051 0.046875 0.08333333
0 0.0807666099736921 0.439116601538978 0.046875 0.08333333
0 0.0296671933821986 0.472955700904089 0.046875 0.08333333
0 0.0806030916395519 0.311409337844016 0.046875 0.08333333
0 0.0196141028554405 0.312288191105283 0.00764679428911898 0.08333333
