0 0.936756536096266 0.280965197786073 0.046875 0.08333333
0 0.614431118033022 0.389232852171195 0.046875 0.08333333
0 0.65787444582343 0.544652567059066 0.046875 0.08333333
0 0.401404826128394 0.68336563557176 0.046875 0.08333333
0 0.453168034808171 0.4019005593954 0.046875 0.08333333
0 0.39921875 0.315277777777778 0.046875 0.08333333
0 0.1640625 0.355555555555556 0.046875 0.08333333
0 0.285871808087329 0.614406663193533 0.046875 0.08333333
0 0.390452378854878 0.902180717872201 0.046875 0.08333333
0 0.104401182755514 0.663231411754951 0.046875 0.08333333
0 0.019892876882095 0.497678290185972 0.00708924623580996 0.08333333
