0 0.953576102315978 0.625707782767286 0.046875 0.08333333
0 0.822664753939785 0.490876062397257 0.046875 0.08333333
0 0.744274193829329 0.267018417670226 0.046875 0.08333333
0 0.7561777761286 0.490435766027742 0.046875 0.08333333
0 0.710694635238402 0.678151770073532 0.046875 0.08333333
0 0.565537522898507 0.761259962538197 0.046875 0.08333333
0 0.551114255280778 0.582964219121937 0.046875 0.08333333
0 0.590077778172795 0.324998927421817 0.046875 0.08333333
0 0.562891087260607 0.215630924575926 0.046875 0.08333333
0 0.539014824324014 0.315776416381197 0.046875 0.08333333
0 0.427696927029672 0.353438514298601 0.046875 0.08333333
0 0.422093348898538 0.597741701045562 0.046875 0.08333333
0 0.25938954997139 0.295178632259283 0.046875 0.08333333
0 0.220432503475352 0.495745758570873 0.046875 0.08333333
0 0.174013072684249 0.377053207610426 0.046875 0.08333333
