0 0.750299800534211 0.69223483561843 0.046875 0.08333333
0 0.761638217776041 0.430318134668671 0.046875 0.08333333
0 0.645413257821805 0.374574556631477 0.046875 0.08333333
0 0.641086544354371 0.489295629626614 0.046875 0.08333333
0 0.516704139941172 0.644955266202568 0.046875 0.08333333
0 0.491578077119576 0.528835404531607 0.046875 0.08333333
0 0.394605081801361 0.686243832943916 0.046875 0.08333333
0 0.383022483575887 0.515112814031673 0.046875 0.08333333
0 0.349185961437746 0.381923579563912 0.046875 0.08333333
0 0.336062572630085 0.77209706998967 0.046875 0.08333333
0 0.302384524167647 0.821722572674454 0.046875 0.08333333
0 0.16328125 0.715277777777778 0.046875 0.08333333
0 0.0548588215595906 0.535514658466533 0.046875 0.08333333
0 0.200014740245801 0.245081275319565 0.046875 0.08333333
0 0.261191618341535 0.290091291718022 0.046875 0.08333333
0 0.0297397807457259 0.734594694402307 0.046875 0.08333333
