0 0.889431002778918 0.434809399362437 0.046875 0.08333333
0 0.762873044036949 0.384002260481127 0.046875 0.08333333
0 0.780603106061612 0.675262306007671 0.046875 0.08333333
0 0.649023745231841 0.563655462109827 0.046875 0.08333333
0 0.548191269251121 0.586589899143228 0.046875 0.08333333
0 0.547935871929429 0.390207787294027 0.046875 0.08333333
0 0.373554851390693 0.620772487516951 0.046875 0.08333333
0 0.330627769289221 0.523386945724063 0.046875 0.08333333
0 0.167273640422637 0.501988860530422 0.046875 0.08333333
0 0.208980766793707 0.596512359602576 0.046875 0.08333333
0 0.334418634805218 0.77537649767342 0.046875 0.08333333
0 0.000978236274502997 0.546964482132077 0.044918527450994 0.08333333
