0 0.980122192479072 0.74729690111001 0.0397556150418561 0.08333333
0 0.923586922057279 0.735500973216706 0.046875 0.08333333
0 0.920016117355784 0.37383806789302 0.046875 0.08333333
0 0.827325277508095 0.473588378821148 0.046875 0.08333333
0 0.869101989006577 0.580088679358185 0.046875 0.08333333
0 0.85552786757714 0.823115344606679 0.046875 0.08333333
0 0.665624443498563 0.779900366177411 0.046875 0.08333333
0 0.660147210260936 0.487575631120177 0.046875 0.08333333
0 0.583882126620653 0.281921917899872 0.046875 0.08333333
0 0.5078125 0.352777777777778 0.046875 0.08333333
0 0.543557734253373 0.459910429505283 0.046875 0.08333333
0 0.516308137950096 0.701789866870671 0.046875 0.08333333
0 0.515324072677212 0.785091166057713 0.046875 0.08333333
0 0.159890982719585 0.465541954267477 0.046875 0.08333333
0 0.229635238775572 0.548009570378403 0.046875 0.08333333
0 0.161037389329623 0.415441803840572 0.046875 0.08333333
0 0.0498075024031244 0.271321821115521 0.046875 0.08333333
