0 0.22165006232059 0.441331481408943 0.046875 0.08333333
0 0.0625657365538503 0.395569410860325 0.046875 0.08333333
0 0.0170539746509322 0.517635027812398 0.0127670506981356 0.08333333
0 0.245300225953457 0.548698085452066 0.046875 0.08333333
0 0.386907687394242 0.260889949051625 0.046875 0.08333333
0 0.427803124219348 0.4383801230083 0.046875 0.08333333
0 0.450581968137652 0.575033880490638 0.046875 0.08333333
0 0.581929753636241 0.520977848410643 0.046875 0.08333333
0 0.506397729067278 0.453151415118555 0.046875 0.08333333
0 0.550335453061167 0.326612333373302 0.046875 0.08333333
0 0.692588658670201 0.627042907345602 0.046875 0.08333333
0 0.852810212174363 0.561204497432678 0.046875 0.08333333
0 0.967869374427337 0.444692433151801 0.046875 0.08333333
0 0.978717273149653 0.554896561974517 0.0425654537006932 0.08333333
0 0.862643342171684 0.641170186713983 0.046875 0.08333333
0 0.850530994514807 0.368267275522975 0.046875 0.08333333
