0 0.0819821687141217 0.492221333596954 0.046875 0.08333333
0 0.0981865288695106 0.3882280483572 0.046875 0.08333333
0 0.143052738505826 0.343288325294974 0.046875 0.08333333
0 0.2984375 0.566666666666667 0.046875 0.08333333
0 0.297135182387858 0.479028305560931 0.046875 0.08333333
0 0.446745579119247 0.342545326103056 0.046875 0.08333333
0 0.512324828566148 0.493849829837054 0.046875 0.08333333
0 0.557469692878783 0.265207188398773 0.046875 0.08333333
0 0.697752146852796 0.431325604045245 0.046875 0.08333333
0 0.745127363586801 0.656590183709754 0.046875 0.08333333
0 0.807958784883003 0.288618883065823 0.046875 0.08333333
0 0.943965290859233 0.183651117963384 0.046875 0.08333333
0 0.950625122401286 0.345619197695101 0.046875 0.08333333
0 0.952237720582722 0.459957663059124 0.046875 0.08333333
