0 0.924653432957039 0.794254619547656 0.046875 0.08333333
0 0.834367505000719 0.904671426231157 0.046875 0.08333333
0 0.747199679405082 0.886572829637292 0.046875 0.08333333
0 0.651244676741995 0.879861706065966 0.046875 0.08333333
0 0.494102421221366 0.628573679519905 0.046875 0.08333333
0 0.602738848701283 0.612440426284888 0.046875 0.08333333
0 0.706544435994124 0.460327111740521 0.046875 0.08333333
0 0.840579350612011 0.470176456625186 0.046875 0.08333333
0 0.874234504439377 0.272875444485577 0.046875 0.08333333
0 0.656240139730542 0.364420114002828 0.046875 0.08333333
0 0.54040296067054 0.19368917874217 0.046875 0.08333333
0 0.689394274244065 0.122322079813 0.046875 0.08333333
0 0.462523255572016 0.260226912993125 0.046875 0.08333333
0 0.367878474989412 0.289988037842999 0.046875 0.08333333
0 0.238986296075544 0.239363724293064 0.046875 0.08333333
0 0.328603194328949 0.451475369537462 0.046875 0.08333333
0 0.21484375 0.740277777777778 0.046875 0.08333333
0 0.0774421981998332 0.398823593682896 0.046875 0.08333333
0 0.0600823094462849 0.115606199077082 0.046875 0.08333333
