0 0.894582670649815 0.347894031943244 0.046875 0.08333333
0 0.902852814628178 0.522955269250211 0.046875 0.08333333
0 0.803767538868368 0.618722456619173 0.046875 0.08333333
0 0.712066397107246 0.45853999497964 0.046875 0.08333333
0 0.677593770666264 0.752976393554614 0.046875 0.08333333
0 0.657734689771169 0.755481257285511 0.046875 0.08333333
0 0.625015220419033 0.640609360023277 0.046875 0.08333333
0 0.656056178580178 0.391777974259918 0.046875 0.08333333
0 0.575917906224687 0.349546044817222 0.046875 0.08333333
0 0.417457718466884 0.790116684837128 0.046875 0.08333333
0 0.398675954813239 0.616960184684473 0.046875 0.08333333
0 0.249860518490086 0.755907951791712 0.046875 0.08333333
0 0.174570081267798 0.534250875856484 0.046875 0.08333333
0 0.0620813213835166 0.710886920316857 0.046875 0.08333333
0 0.152821781052397 0.403791023435215 0.046875 0.08333333
