0 0.835172279169663 0.425415238833721 0.046875 0.08333333
0 0.866912880522819 0.537614317050973 0.046875 0.08333333
0 0.816526269210997 0.61287976559925 0.046875 0.08333333
0 0.752209943028891 0.506185379876997 0.046875 0.08333333
0 0.684659062041208 0.390151775789985 0.046875 0.08333333
0 0.690013032660662 0.491714163864032 0.046875 0.08333333
0 0.651329005027973 0.638007671991294 0.046875 0.08333333
0 0.590216143221481 0.591182709499933 0.046875 0.08333333
0 0.609653938466833 0.340856414881429 0.046875 0.08333333
0 0.549886993994391 0.474040721338034 0.046875 0.08333333
0 0.429318676024845 0.362327309530902 0.046875 0.08333333
0 0.428436605464041 0.4509138723061 0.046875 0.08333333
0 0.349152880576292 0.361840756995369 0.046875 0.08333333
0 0.24921875 0.561111111111111 0.046875 0.08333333
0 0.125134522676869 0.496890137603466 0.046875 0.08333333
0 0.0423630240836213 0.277963939651452 0.046875 0.08333333
