0 0.204229037540224 0.407236709087238 0.046875 0.08333333
0 0.205817393545508 0.512289177762588 0.046875 0.08333333
0 0.108337644901892 0.51292180803924 0.046875 0.08333333
0 0.322865580601223 0.468304670752594 0.046875 0.08333333
0 0.41913234094589 0.460031156430967 0.046875 0.08333333
0 0.48469688167893 0.482001713136276 0.046875 0.08333333
0 0.601101875888495 0.407443211247004 0.046875 0.08333333
0 0.784387402047687 0.304888080043806 0.046875 0.08333333
0 0.850979127788056 0.480908327205618 0.046875 0.08333333
0 0.881170004154712 0.38656901524738 0.046875 0.08333333
0 0.917506009823259 0.329432272773839 0.046875 0.08333333
