0 0.96640811674026 0.634224967570637 0.046875 0.08333333
0 0.926361657413936 0.470251160909996 0.046875 0.08333333
0 0.834237289845573 0.664683846149407 0.046875 0.08333333
0 0.752751744310144 0.356214965936669 0.046875 0.08333333
0 0.635402224966004 0.349712791193575 0.046875 0.08333333
0 0.542543426871816 0.767927733436273 0.046875 0.08333333
0 0.41708323257565 0.462618982501681 0.046875 0.08333333
0 0.54140625 0.430555555555556 0.046875 0.08333333
0 0.509653963260986 0.56384679582347 0.046875 0.08333333
0 0.309923061232949 0.704637511490365 0.046875 0.08333333
0 0.36459811198135 0.637376261832892 0.046875 0.08333333
0 0.241609052416381 0.598180562573149 0.046875 0.08333333
0 0.179114758565107 0.374630939290425 0.046875 0.08333333
0 0.289440979907871 0.427467771963175 0.046875 0.08333333
0 0.310288207285215 0.280186362360637 0.046875 0.08333333
