0 0.133588207114328 0.461599492025887 0.046875 0.08333333
0 0.0358631313535272 0.760739759788087 0.046875 0.08333333
0 0.033967935204797 0.367216729637721 0.046875 0.08333333
0 0.215768657463957 0.496265479761882 0.046875 0.08333333
0 0.274913126709525 0.721801768177039 0.046875 0.08333333
0 0.319106708474748 0.835945855927296 0.046875 0.08333333
0 0.452623457190383 0.526537049023055 0.046875 0.08333333
0 0.531310148613551 0.264443242326263 0.046875 0.08333333
0 0.659385875462193 0.396625605679704 0.046875 0.08333333
0 0.767725141832304 0.314841516829425 0.046875 0.08333333
0 0.677060264112909 0.754596846649446 0.046875 0.08333333
0 0.86902662845624 0.466246123347135 0.046875 0.08333333
0 0.974761378408858 0.441072889992117 0.046875 0.08333333
