0 0.880509765565764 0.729416633676578 0.046875 0.08333333
0 0.906219915045549 0.573543550249792 0.046875 0.08333333
0 0.869256413679926 0.461706664051249 0.046875 0.08333333
0 0.7390625 0.651388888888889 0.046875 0.08333333
0 0.722889435933206 0.356650759257076 0.046875 0.08333333
0 0.58233620085502 0.248901782705641 0.046875 0.08333333
0 0.584645504410078 0.600833699658236 0.046875 0.08333333
0 0.638089399672429 0.757789310316297 0.046875 0.08333333
0 0.523549093481552 0.593044031446413 0.046875 0.08333333
0 0.394636579544002 0.481186235610872 0.046875 0.08333333
0 0.321580019225405 0.540862995128193 0.046875 0.08333333
0 0.182594439824815 0.432424319190497 0.046875 0.08333333
0 0.193274160219503 0.30257689796642 0.046875 0.08333333
0 0.148801045326052 0.611269733426208 0.046875 0.08333333
0 0.0346242808501055 0.356385813912865 0.046875 0.08333333
0 0.173377533029105 0.50244582101249 0.046875 0.08333333
