0 0.93851617316172 0.604358767138619 0.046875 0.08333333
0 0.878785878524756 0.41917975102927 0.046875 0.08333333
0 0.706476998933805 0.392030215298667 0.046875 0.08333333
0 0.51583326938516 0.36292679620432 0.046875 0.08333333
0 0.48169361556222 0.579844718902536 0.046875 0.08333333
0 0.46107333774489 0.341402677986075 0.046875 0.08333333
0 0.245509480292256 0.330134107142121 0.046875 0.08333333
0 0.217993262358332 0.568772948587617 0.046875 0.08333333
0 0.117480574669158 0.540935207190362 0.046875 0.08333333
0 0.05625 0.326388888888889 0.046875 0.08333333
0 0.1484375 0.240277777777778 0.046875 0.08333333
0 0.0660954274597032 0.65159345486234 0.046875 0.08333333
