0 0.94765625 0.7125 0.046875 0.08333333
0 0.890922176068113 0.236417728630803 0.046875 0.08333333
0 0.874697679565449 0.489770900720052 0.046875 0.08333333
0 0.742141836434184 0.490471135355521 0.046875 0.08333333
0 0.595139797896386 0.542023886220297 0.046875 0.08333333
0 0.293993986309389 0.562733438631855 0.046875 0.08333333
0 0.124159569862121 0.668036216413048 0.046875 0.08333333
0 0.0496364322920248 0.507010018369347 0.046875 0.08333333
0 0.176136278287053 0.425296732214052 0.046875 0.08333333
0 0.0266269538996128 0.391359897004318 0.046875 0.08333333
