0 0.906163342934686 0.354612852005246 0.046875 0.08333333
0 0.876035034962571 0.545139573644007 0.046875 0.08333333
0 0.8125 0.4375 0.046875 0.08333333
0 0.63278175716331 0.454664241122977 0.046875 0.08333333
0 0.573275472007936 0.3083533277777 0.046875 0.08333333
0 0.401425291431403 0.421359669276786 0.046875 0.08333333
0 0.359093118639135 0.505044505242126 0.046875 0.08333333
0 0.382191742364494 0.294245850610664 0.046875 0.08333333
0 0.198269324211405 0.30924925485056 0.046875 0.08333333
0 0.103207368721314 0.339756247839966 0.046875 0.08333333
0 0.0026234357698061 0.465260723567075 0.0416281284603878 0.08333333
