0 0.914900362416112 0.453914823774567 0.046875 0.08333333
0 0.936683138965532 0.530484593596849 0.046875 0.08333333
0 0.675517210003702 0.533785772251121 0.046875 0.08333333
0 0.669946189104876 0.4083252015253 0.046875 0.08333333
0 0.642179755880033 0.686945831057459 0.046875 0.08333333
0 0.553038959130631 0.429617873450096 0.046875 0.08333333
0 0.501049782332772 0.540870328296302 0.046875 0.08333333
0 0.340306673845431 0.541621554754672 0.046875 0.08333333
0 0.4065223496523 0.698549874446172 0.046875 0.08333333
0 0.158424455233764 0.415926939709757 0.046875 0.08333333
0 0.0605160884473373 0.377754069696079 0.046875 0.08333333
0 0.0758967307377844 0.520478037616638 0.046875 0.08333333
0 0.0751812361023851 0.639113925998542 0.046875 0.08333333
