0 0.0915981341689766 0.366240184897721 0.046875 0.08333333
0 0.213033991082195 0.269137840186191 0.046875 0.08333333
0 0.281740313473983 0.400875213601075 0.046875 0.08333333
0 0.31640625 0.498611111111111 0.046875 0.08333333
0 0.404061076557181 0.450271828413641 0.046875 0.08333333
0 0.430334163574087 0.338133384432966 0.046875 0.08333333
0 0.463730173617938 0.23948871876894 0.046875 0.08333333
0 0.60432686025021 0.405035990817149 0.046875 0.08333333
0 0.583875126296483 0.209823616281953 0.046875 0.08333333
0 0.713705279457332 0.455889980507478 0.046875 0.08333333
0 0.829015112751617 0.618843756000935 0.046875 0.08333333
0 0.857126874704344 0.504165973719853 0.046875 0.08333333
0 0.997299503920233 0.420970166693561 0.00540099215953393 0.08333333
0 0.974751683477062 0.314637310806678 0.046875 0.08333333
0 0.974694471758357 0.555261986049189 0.046875 0.08333333
