0 0.965776295535008 0.45826272686108 0.046875 0.08333333
0 0.785867115431889 0.348885908932471 0.046875 0.08333333
0 0.658589663422454 0.379197959694751 0.046875 0.08333333
0 0.529601684665423 0.473276000137391 0.046875 0.08333333
0 0.458192645813862 0.486446831345952 0.046875 0.08333333
0 0.48984375 0.248611111111111 0.046875 0.08333333
0 0.471154559005354 0.659746329064766 0.046875 0.08333333
0 0.352331897147971 0.262881204799078 0.046875 0.08333333
0 0.237429625147307 0.230264092539318 0.046875 0.08333333
0 0.316781804365161 0.399394378117345 0.046875 0.08333333
0 0.293892920235322 0.648717405801739 0.046875 0.08333333
0 0.115586977589006 0.533053500052334 0.046875 0.08333333
0 0.086977281802287 0.230554924963426 0.046875 0.08333333
0 0.0824401109440586 0.375435782060169 0.046875 0.08333333
