0 0.191606923399125 0.495003819641476 0.046875 0.08333333
0 0.167980159723019 0.389941021149503 0.046875 0.08333333
0 0.0393951617131302 0.355222640089323 0.046875 0.08333333
0 0.0220886790167895 0.624911536636326 0.00269764196642096 0.08333333
0 0.0661320972417944 0.70400809648214 0.046875 0.08333333
0 0.198937971767465 0.216971446249853 0.046875 0.08333333
0 0.340616289942704 0.572562546904965 0.046875 0.08333333
0 0.494635430998025 0.421567867471603 0.046875 0.08333333
0 0.429927927244139 0.408887321359308 0.046875 0.08333333
0 0.568315517450766 0.448896955767232 0.046875 0.08333333
0 0.73681199787773 0.269764084490707 0.046875 0.08333333
0 0.857853817831992 0.46592671441188 0.046875 0.08333333
