0 0.968771708704713 0.691743267766609 0.046875 0.08333333
0 0.81579234333705 0.543551879705789 0.046875 0.08333333
0 0.6421875 0.866666666666667 0.046875 0.08333333
0 0.621550818767128 0.433684696763439 0.046875 0.08333333
0 0.480713146572703 0.592570411105295 0.046875 0.08333333
0 0.361479311162822 0.840870030401661 0.046875 0.08333333
0 0.267520054497463 0.722806286530517 0.046875 0.08333333
0 0.28456160872274 0.508266423717443 0.046875 0.08333333
0 0.196769836198757 0.609734776989567 0.046875 0.08333333
0 0.155453531338192 0.69964592148802 0.046875 0.08333333
0 0.0675223202765454 0.622341178602031 0.046875 0.08333333
0 0.396568348910434 0.218503017012538 0.046875 0.08333333
