0 0.961733185606742 0.384857107920491 0.046875 0.08333333
0 0.830074655418588 0.41857737305285 0.046875 0.08333333
0 0.66494848424001 0.639823293414058 0.046875 0.08333333
0 0.649514291286149 0.405539748359018 0.046875 0.08333333
0 0.5765625 0.668055555555556 0.046875 0.08333333
0 0.53668855480674 0.27706210898059 0.046875 0.08333333
0 0.403382077567355 0.34073606852923 0.046875 0.08333333
0 0.404299807919044 0.569776872607436 0.046875 0.08333333
0 0.417257878435994 0.17241677587389 0.046875 0.08333333
0 0.127166702850537 0.294940965505032 0.046875 0.08333333
0 0.15830112968449 0.612971671177978 0.046875 0.08333333
0 0.0542225249653401 0.645572437823073 0.046875 0.08333333
