0 0.0115489894651394 0.490078305632136 0.0237770210697213 0.08333333
0 0.19800695399385 0.504431425165585 0.046875 0.08333333
0 0.385145889874157 0.506288695183385 0.046875 0.08333333
0 0.193207006309126 0.36240072146237 0.046875 0.08333333
0 0.432471620766089 0.552798527386294 0.046875 0.08333333
0 0.498965088977167 0.475959948804272 0.046875 0.08333333
0 0.594731343016108 0.685648021847235 0.046875 0.08333333
0 0.662354588861728 0.467075661164503 0.046875 0.08333333
0 0.812463374426598 0.410898313687351 0.046875 0.08333333
0 0.844177304007677 0.766852817825543 0.046875 0.08333333
0 0.865084619530263 0.49530505598919 0.046875 0.08333333
0 0.979683425628443 0.5788120165962 0.0406331487431149 0.08333333
