0 0.929540438901239 0.502626474663273 0.046875 0.08333333
0 0.80126139405518 0.635132315161251 0.046875 0.08333333
0 0.764597556476457 0.85799687117538 0.046875 0.08333333
0 0.687303186833124 0.564929200547913 0.046875 0.08333333
0 0.622697564120657 0.356308292660747 0.046875 0.08333333
0 0.43203125 0.204166666666667 0.046875 0.08333333
0 0.494894337031862 0.842851121364065 0.046875 0.08333333
0 0.302967916207482 0.265809876140914 0.046875 0.08333333
0 0.209945711634132 0.711997736395847 0.046875 0.08333333
0 0.116634920412476 0.460898931208194 0.046875 0.08333333
0 0.0514127576096708 0.38645519342181 0.046875 0.08333333
0 0.058956184015049 0.217845145170453 0.046875 0.08333333
