0 0.851987719454246 0.557396797672545 0.046875 0.08333333
0 0.786598961639767 0.624043807990677 0.046875 0.08333333
0 0.722599007311879 0.501434448244142 0.046875 0.08333333
0 0.696663423527507 0.306927098248163 0.046875 0.08333333
0 0.551533743682081 0.519038257181034 0.046875 0.08333333
0 0.511898500547086 0.421298153675986 0.046875 0.08333333
0 0.477593372801507 0.601456664285677 0.046875 0.08333333
0 0.321014532606926 0.410068883025883 0.046875 0.08333333
0 0.214975484696881 0.353291704190181 0.046875 0.08333333
0 0.216305758082887 0.557861421667244 0.046875 0.08333333
0 0.103625683145632 0.382011925013736 0.046875 0.08333333
