0 0.228148022233535 0.591838110116789 0.046875 0.08333333
0 0.198941903369493 0.612834123220304 0.046875 0.08333333
0 0.16171875 0.463888888888889 0.046875 0.08333333
0 0.292580618072296 0.478472625256986 0.046875 0.08333333
0 0.367217361100132 0.642882623799797 0.046875 0.08333333
0 0.426753670534194 0.472924757993613 0.046875 0.08333333
0 0.625879892851799 0.506915270728006 0.046875 0.08333333
0 0.741281266712569 0.625102236767484 0.046875 0.08333333
0 0.820095767715922 0.432919479059941 0.046875 0.08333333
0 0.938690125111723 0.598300095259411 0.046875 0.08333333
0 0.84921875 0.683333333333333 0.046875 0.08333333
