0 0.850812904101916 0.571335820876973 0.046875 0.08333333
0 0.796468668691874 0.549538423497418 0.046875 0.08333333
0 0.8157245276705 0.392701694327105 0.046875 0.08333333
0 0.724007477897027 0.414079907474601 0.046875 0.08333333
0 0.603389806846137 0.570174163292271 0.046875 0.08333333
0 0.415285480335978 0.443356004607223 0.046875 0.08333333
0 0.449431553359358 0.549736768626297 0.046875 0.08333333
0 0.358772813877802 0.611946401951 0.046875 0.08333333
0 0.390519911210113 0.328739211857141 0.046875 0.08333333
0 0.205643273514732 0.362727857420596 0.046875 0.08333333
0 0.233125732148939 0.575753072779069 0.046875 0.08333333
0 0.186675071520269 0.521519523105565 0.046875 0.08333333
0 0.0566978532314227 0.525136448095761 0.046875 0.08333333
