0 0.802542477453284 0.203938815835865 0.046875 0.08333333
0 0.792087782675363 0.56041777624326 0.046875 0.08333333
0 0.645141513593432 0.357625028304736 0.046875 0.08333333
0 0.70531138988413 0.139720988573801 0.046875 0.08333333
0 0.480498383704239 0.257050496866919 0.046875 0.08333333
0 0.468035684333832 0.454728639595764 0.046875 0.08333333
0 0.474658478059942 0.171895166174155 0.046875 0.08333333
0 0.367455481108275 0.433064191815302 0.046875 0.08333333
0 0.314528099287131 0.233978114269613 0.046875 0.08333333
0 0.291791223831224 0.175790537242018 0.046875 0.08333333
0 0.233855749094503 0.499755699742427 0.046875 0.08333333
0 0.185337452054265 0.398309272877068 0.046875 0.08333333
0 0.138792825502323 0.127780460603339 0.046875 0.08333333
0 0.0231043187596726 0.232779108905531 0.000666362480654797 0.08333333
0 0.0740058717872853 0.527082661953626 0.046875 0.08333333
