0 0.935456359974488 0.849866465262085 0.046875 0.08333333
0 0.859520633686908 0.482416723772837 0.046875 0.08333333
0 0.674148306493262 0.631051838109218 0.046875 0.08333333
0 0.632722578459737 0.40024059214165 0.046875 0.08333333
0 0.478901498766383 0.543038692469794 0.046875 0.08333333
0 0.537878149665796 0.572571987178565 0.046875 0.08333333
0 0.572906817867436 0.722899538523168 0.046875 0.08333333
0 0.447130844271836 0.318631049477396 0.046875 0.08333333
0 0.723048286307193 0.203817953982554 0.046875 0.08333333
0 0.862535650248379 0.151906157697549 0.046875 0.08333333
0 0.950077272481766 0.259312998444925 0.046875 0.08333333
0 0.84832112847129 0.4287537402519 0.046875 0.08333333
0 0.372664489044312 0.511088449758843 0.046875 0.08333333
0 0.209072617417511 0.518658076430187 0.046875 0.08333333
0 0.194856209515094 0.483214663892312 0.046875 0.08333333
0 0.140624084060635 0.606985560072098 0.046875 0.08333333
0 0.0655192959895685 0.499472953213805 0.046875 0.08333333
