0 0.977761249922812 0.607229058807883 0.0444775001543767 0.08333333
0 0.955322559377412 0.40644002713168 0.046875 0.08333333
0 0.873961694284919 0.395533154663899 0.046875 0.08333333
0 0.884351204296048 0.590624659003024 0.046875 0.08333333
0 0.743518330374644 0.673175717724044 0.046875 0.08333333
0 0.649601271151289 0.574990875738859 0.046875 0.08333333
0 0.633819077674687 0.760668500685852 0.046875 0.08333333
0 0.524764225328368 0.637061261713426 0.046875 0.08333333
0 0.551224486598967 0.693303185252767 0.046875 0.08333333
0 0.551391639633321 0.548669198403575 0.046875 0.08333333
0 0.406293972713122 0.597999130150375 0.046875 0.08333333
0 0.308366378847816 0.555315963029926 0.046875 0.08333333
0 0.255509248157175 0.736885354941294 0.046875 0.08333333
