0 0.921994169605714 0.354109416986115 0.046875 0.08333333
0 0.862804811714222 0.686627150101011 0.046875 0.08333333
0 0.745666650666724 0.378857689331865 0.046875 0.08333333
0 0.732822538140295 0.740004429271776 0.046875 0.08333333
0 0.578641398039571 0.570982946572684 0.046875 0.08333333
0 0.539623809977487 0.410887552941598 0.046875 0.08333333
0 0.516587122248344 0.278775826856314 0.046875 0.08333333
0 0.455076122309688 0.523515073697648 0.046875 0.08333333
0 0.327302508944543 0.451221821663969 0.046875 0.08333333
0 0.316585668166628 0.57630622637045 0.046875 0.08333333
0 0.0946910271569297 0.334400738678387 0.046875 0.08333333
0 0.0754862723779766 0.516653529037645 0.046875 0.08333333
