0 0.15859375 0.4875 0.046875 0.08333333
0 0.107214641604125 0.277950544807455 0.046875 0.08333333
0 0.158989635941876 0.561354554764333 0.046875 0.08333333
0 0.343753016639799 0.553870230981606 0.046875 0.08333333
0 0.378986263493453 0.33251578184358 0.046875 0.08333333
0 0.404416585755017 0.45151087845603 0.046875 0.08333333
0 0.515265710167367 0.556795449155683 0.046875 0.08333333
0 0.524338260029261 0.371523526479401 0.046875 0.08333333
0 0.741364038495558 0.58718744103911 0.046875 0.08333333
0 0.814312396678229 0.415152809101771 0.046875 0.08333333
0 0.974229918078732 0.460098681115294 0.046875 0.08333333
0 0.964903621711808 0.647416817246449 0.046875 0.08333333
0 0.93838736363461 0.41277902601173 0.046875 0.08333333
