0 0.189998456407869 0.490859727651122 0.046875 0.08333333
0 0.343083237274076 0.589086992995578 0.046875 0.08333333
0 0.343165878028729 0.393202533296008 0.046875 0.08333333
0 0.515056227626243 0.538817326122559 0.046875 0.08333333
0 0.58203125 0.723611111111111 0.046875 0.08333333
0 0.650717324318264 0.460470965963002 0.046875 0.08333333
0 0.551440610863385 0.399053065227712 0.046875 0.08333333
0 0.793973394870468 0.696805217383597 0.046875 0.08333333
0 0.755739901207538 0.272004273386262 0.046875 0.08333333
0 0.937481336510406 0.614353797397228 0.046875 0.08333333
0 0.910983699316243 0.366475874271695 0.046875 0.08333333
