0 0.157784242225028 0.391741336978031 0.046875 0.08333333
0 0.0817721507376872 0.476451394782602 0.046875 0.08333333
0 0.0920493172266614 0.322065949219679 0.046875 0.08333333
0 0.209677197399796 0.495683719300191 0.046875 0.08333333
0 0.232608785124885 0.267181198245499 0.046875 0.08333333
0 0.175059919074289 0.228873885497076 0.046875 0.08333333
0 0.38629342776039 0.436587674040494 0.046875 0.08333333
0 0.457450084250564 0.583020097959468 0.046875 0.08333333
0 0.460475106410477 0.387930858306969 0.046875 0.08333333
0 0.635800039152807 0.411625515949198 0.046875 0.08333333
0 0.593917342714975 0.567770609563915 0.046875 0.08333333
0 0.862450071663583 0.424110454930788 0.046875 0.08333333
0 0.946124103289035 0.396669094353537 0.046875 0.08333333
0 0.920796568690996 0.687081756615592 0.046875 0.08333333
0 0.82217343507552 0.53436860253346 0.046875 0.08333333
