0 0.778609435579977 0.62013442022171 0.046875 0.08333333
0 0.697101142807418 0.646006534571871 0.046875 0.08333333
0 0.735110944000754 0.526047715449222 0.046875 0.08333333
0 0.723385794621826 0.446363665459195 0.046875 0.08333333
0 0.688529413822563 0.326624510316269 0.046875 0.08333333
0 0.543548669811487 0.54588783711312 0.046875 0.08333333
0 0.507166264326392 0.434278256193844 0.046875 0.08333333
0 0.53347672176336 0.297574882342438 0.046875 0.08333333
0 0.4367224153915 0.510920101217319 0.046875 0.08333333
0 0.376347295991118 0.606061939009119 0.046875 0.08333333
0 0.357821623089146 0.348127276951397 0.046875 0.08333333
0 0.279294009202164 0.315137260032944 0.046875 0.08333333
0 0.282810811098211 0.615478668937742 0.046875 0.08333333
0 0.18698597604435 0.416362603073382 0.046875 0.08333333
