0 0.893617619138553 0.588746739315922 0.046875 0.08333333
0 0.714246952527921 0.642385854946458 0.046875 0.08333333
0 0.699213234718373 0.674325905074457 0.046875 0.08333333
0 0.72076894364778 0.441100631427615 0.046875 0.08333333
0 0.68350397049387 0.378430506333821 0.046875 0.08333333
0 0.528617757647394 0.54989955700031 0.046875 0.08333333
0 0.420829575713157 0.302932497704599 0.046875 0.08333333
0 0.347952175335721 0.51788179794997 0.046875 0.08333333
0 0.273324106501156 0.296738051147643 0.046875 0.08333333
0 0.15078125 0.448611111111111 0.046875 0.08333333
0 0.143114265460803 0.374862285031672 0.046875 0.08333333
