0 0.749629728205513 0.240575445738353 0.046875 0.08333333
0 0.698759088023047 0.402409170818552 0.046875 0.08333333
0 0.690625 0.456944444444444 0.046875 0.08333333
0 0.5640625 0.573611111111111 0.046875 0.08333333
0 0.529409017770072 0.430423491544237 0.046875 0.08333333
0 0.425084171196303 0.62528845611378 0.046875 0.08333333
0 0.471369996594738 0.276930076140828 0.046875 0.08333333
0 0.265515244888447 0.542380593829633 0.046875 0.08333333
0 0.281324196245971 0.3386506696125 0.046875 0.08333333
0 0.0696112530543409 0.448362568009637 0.046875 0.08333333
0 0.0619647225969802 0.532342795573001 0.046875 0.08333333
0 0.786491858140523 0.544064607108085 0.046875 0.08333333
