0 0.8845681309793 0.448206967136161 0.046875 0.08333333
0 0.807630435928401 0.304059370288397 0.046875 0.08333333
0 0.5838444281146 0.384458493360832 0.046875 0.08333333
0 0.53270740998523 0.338982804235082 0.046875 0.08333333
0 0.47408801796671 0.356036851740645 0.046875 0.08333333
0 0.31593218691708 0.282350345546332 0.046875 0.08333333
0 0.327334338117712 0.422986908026804 0.046875 0.08333333
0 0.281554607931057 0.402214715248404 0.046875 0.08333333
0 0.132462897353251 0.455601541449572 0.046875 0.08333333
0 0.0700778076627807 0.367330913221134 0.046875 0.08333333
0 0.0517559118878314 0.445758056043601 0.046875 0.08333333
