0 0.258848341145149 0.391604020060162 0.046875 0.08333333
0 0.0478076530759537 0.30592809953858 0.046875 0.08333333
0 0.444891325619477 0.500009557176585 0.046875 0.08333333
0 0.470498273611571 0.771523515967134 0.046875 0.08333333
0 0.553971726879765 0.542923136721956 0.046875 0.08333333
0 0.46640625 0.2875 0.046875 0.08333333
0 0.677872513119244 0.185052567347308 0.046875 0.08333333
0 0.621114106582438 0.342511486114729 0.046875 0.08333333
0 0.785406572232973 0.365906103021694 0.046875 0.08333333
0 0.7068051044537 0.521634507108159 0.046875 0.08333333
0 0.860864880097353 0.638044288465742 0.046875 0.08333333
0 0.66484375 0.758333333333333 0.046875 0.08333333
0 0.910297824528668 0.428800373427821 0.046875 0.08333333
