0 0.0104877575784985 0.351904328183769 0.0258994848430031 0.08333333
0 0.0305612343535422 0.629387113981925 0.046875 0.08333333
0 0.156740191909359 0.710838760453336 0.046875 0.08333333
0 0.168930830776749 0.289189533845887 0.046875 0.08333333
0 0.243178547054706 0.436450695844475 0.046875 0.08333333
0 0.3046875 0.679166666666667 0.046875 0.08333333
0 0.457451816386354 0.444157153302367 0.046875 0.08333333
0 0.464802948506675 0.543227722747915 0.046875 0.08333333
0 0.341984760311845 0.291412264837993 0.046875 0.08333333
0 0.514354247055189 0.356962826228711 0.046875 0.08333333
0 0.642615619967912 0.455966597488039 0.046875 0.08333333
0 0.691429662043361 0.493944042099174 0.046875 0.08333333
0 0.742299358460875 0.250513767847139 0.046875 0.08333333
0 0.778694457772022 0.371653562297466 0.046875 0.08333333
0 0.88155741818008 0.571175946177252 0.046875 0.08333333
0 0.920468077369259 0.298833869317386 0.046875 0.08333333
