0 0.912934658480689 0.554857201301684 0.046875 0.08333333
0 0.848279506887644 0.67664342204314 0.046875 0.08333333
0 0.78671875 0.781944444444444 0.046875 0.08333333
0 0.797090121126415 0.54232247974408 0.046875 0.08333333
0 0.551626535966773 0.500131892857366 0.046875 0.08333333
0 0.66455361854513 0.784737234686947 0.046875 0.08333333
0 0.604286984446013 0.278933364828609 0.046875 0.08333333
0 0.818494123798833 0.379119093510268 0.046875 0.08333333
0 0.401410377010258 0.53589104231524 0.046875 0.08333333
0 0.264211071041714 0.648809293945725 0.046875 0.08333333
0 0.194152238873869 0.50969058724933 0.046875 0.08333333
0 0.325662239160574 0.317237361735883 0.046875 0.08333333
0 0.00058755371064468 0.421099294019921 0.0456998925787106 0.08333333
