0 0.273942152561259 0.408136110835156 0.046875 0.08333333
0 0.351795330613201 0.513562579240387 0.046875 0.08333333
0 0.269737932337727 0.720458071621235 0.046875 0.08333333
0 0.392709594405036 0.800748060201821 0.046875 0.08333333
0 0.399457363100179 0.885629848261549 0.046875 0.08333333
0 0.562598020894121 0.653672361753779 0.046875 0.08333333
0 0.52578125 0.448611111111111 0.046875 0.08333333
0 0.509883862011974 0.386259225283284 0.046875 0.08333333
0 0.436197255508748 0.353393489587045 0.046875 0.08333333
0 0.402090588254515 0.418735528824172 0.046875 0.08333333
0 0.185738300583468 0.441219562558816 0.046875 0.08333333
0 0.543634391884121 0.796176115546306 0.046875 0.08333333
0 0.763593025745891 0.328308617793988 0.046875 0.08333333
0 0.708361485592265 0.503902793532992 0.046875 0.08333333
0 0.638826577242399 0.449398242415781 0.046875 0.08333333
0 0.99789257120528 0.499480235392757 0.00421485758944051 0.08333333
