0 0.82147737316221 0.182136777617095 0.046875 0.08333333
0 0.833110722452653 0.524470892353184 0.046875 0.08333333
0 0.74609375 0.348611111111111 0.046875 0.08333333
0 0.558718133201779 0.420123409225571 0.046875 0.08333333
0 0.518220303460775 0.245207157962329 0.046875 0.08333333
0 0.394421792063109 0.326660513131254 0.046875 0.08333333
0 0.395328277144078 0.549924810079536 0.046875 0.08333333
0 0.305036739405704 0.516945914001548 0.046875 0.08333333
0 0.323785258028633 0.300464188051052 0.046875 0.08333333
0 0.262499850071216 0.159070005546366 0.046875 0.08333333
0 0.136733773862637 0.376480509321143 0.046875 0.08333333
0 0.102618894280489 0.354181884139838 0.046875 0.08333333
0 0.226725531422671 0.0601392358343627 0.046875 0.08333333
0 0.0944269726021029 0.551647015081392 0.046875 0.08333333
