0 0.963644292751022 0.519450240340052 0.046875 0.08333333
0 0.89164634706179 0.448367881873419 0.046875 0.08333333
0 0.868008340703068 0.278691754778406 0.046875 0.08333333
0 0.830157528018687 0.586983600632736 0.046875 0.08333333
0 0.669215335100449 0.538775329255831 0.046875 0.08333333
0 0.485359716604967 0.549196626489945 0.046875 0.08333333
0 0.354825404628762 0.329143816871127 0.046875 0.08333333
0 0.394471524978912 0.627230108246492 0.046875 0.08333333
0 0.371909687573664 0.790477905902555 0.046875 0.08333333
0 0.21696936754068 0.638612853813326 0.046875 0.08333333
0 0.203319408012231 0.500383394340584 0.046875 0.08333333
0 0.118909995233852 0.45112748726375 0.046875 0.08333333
