0 0.969435545694321 0.273343672552611 0.046875 0.08333333
0 0.910716036381877 0.638699247548376 0.046875 0.08333333
0 0.885482251100608 0.544986054287806 0.046875 0.08333333
0 0.834906015184419 0.228258155063934 0.046875 0.08333333
0 0.669224512804897 0.367459985033774 0.046875 0.08333333
0 0.720267456664968 0.698703121270197 0.046875 0.08333333
0 0.557731405603344 0.512114293308441 0.046875 0.08333333
0 0.49453125 0.279166666666667 0.046875 0.08333333
0 0.369829426020386 0.420655588119417 0.046875 0.08333333
0 0.100831556770539 0.362147379085645 0.046875 0.08333333
0 0.0627509572591819 0.707127904631995 0.046875 0.08333333
