0 0.80257057743794 0.496457899992759 0.046875 0.08333333
0 0.806098618409163 0.541254273492761 0.046875 0.08333333
0 0.70761352869706 0.440697562672012 0.046875 0.08333333
0 0.580783085542818 0.609121124793406 0.046875 0.08333333
0 0.286633986778347 0.445510489221225 0.046875 0.08333333
0 0.217990032929163 0.690393657922661 0.046875 0.08333333
0 0.133635183668964 0.49757072041854 0.046875 0.08333333
0 0.103714350587471 0.464002208621503 0.046875 0.08333333
0 0.165003034424318 0.469205126843679 0.046875 0.08333333
0 0.127645654659881 0.20525158435241 0.046875 0.08333333
0 0.00745937691367295 0.289756849898536 0.0319562461726541 0.08333333
0 0.299749528280109 0.198750503804562 0.046875 0.08333333
