0 0.886207331616075 0.469628831729807 0.046875 0.08333333
0 0.785897216160237 0.453743850601387 0.046875 0.08333333
0 0.779941395695277 0.594423397492552 0.046875 0.08333333
0 0.681869913838671 0.480684921497255 0.046875 0.08333333
0 0.645025982870111 0.163852784597076 0.046875 0.08333333
0 0.552267244495359 0.25119455036933 0.046875 0.08333333
0 0.394407227435387 0.449683730745563 0.046875 0.08333333
0 0.279453207873574 0.317313101599193 0.046875 0.08333333
0 0.243959851875088 0.563419342921454 0.046875 0.08333333
0 0.298786338541721 0.703403186086544 0.046875 0.08333333
0 0.134403348019649 0.634610650049289 0.046875 0.08333333
