0 0.75234375 0.40694444444444444 0.0546875 0.09722222222222222
0 0.734375 0.65 0.0546875 0.09722222222222222
0 0.95 0.65 0.0546875 0.09722222222222222
0 0.59140625 0.7486111111111111 0.0546875 0.09722222222222222
0 0.61640625 0.41527777777777775 0.0546875 0.09722222222222222
0 0.46640625 0.45 0.0546875 0.09722222222222222
0 0.4515625 0.6027777777777779 0.0546875 0.09722222222222222
0 0.32109375 0.5347222222222222 0.0546875 0.09722222222222222
0 0.4234375 0.8847222222222223 0.0546875 0.09722222222222222
0 0.1875 0.6194444444444445 0.0546875 0.09722222222222222
0 0.19375 0.4083333333333333 0.0546875 0.09722222222222222
0 0.03984375 0.5680555555555556 0.0546875 0.09722222222222222
0 0.9171875 0.8597222222222223 0.0546875 0.09722222222222222