0 0.89609375 0.7319444444444445 0.0546875 0.09722222222222222
0 0.7609375 0.6875 0.0546875 0.09722222222222222
0 0.68203125 0.5347222222222222 0.0546875 0.09722222222222222
0 0.50703125 0.5625 0.0546875 0.09722222222222222
0 0.4546875 0.41527777777777775 0.0546875 0.09722222222222222
0 0.43046875 0.5611111111111111 0.0546875 0.09722222222222222
0 0.44453125 0.6847222222222222 0.0546875 0.09722222222222222
0 0.30546875 0.2916666666666667 0.0546875 0.09722222222222222
0 0.28984375 0.45694444444444443 0.0546875 0.09722222222222222
0 0.171875 0.5361111111111111 0.0546875 0.09722222222222222
0 0.1859375 0.425 0.0546875 0.09722222222222222
0 0.178125 0.7083333333333334 0.0546875 0.09722222222222222