0 0.0578125 0.6041666666666667 0.0546875 0.09722222222222222
0 0.22734375 0.6708333333333334 0.0546875 0.09722222222222222
0 0.20390625 0.8319444444444445 0.0546875 0.09722222222222222
0 0.40078125 0.8694444444444445 0.0546875 0.09722222222222222
0 0.35703125 0.5402777777777777 0.0546875 0.09722222222222222
0 0.43046875 0.5680555555555556 0.0546875 0.09722222222222222
0 0.51484375 0.47638888888888886 0.0546875 0.09722222222222222
0 0.60625 0.6902777777777779 0.0546875 0.09722222222222222
0 0.55546875 0.701388888888889 0.0546875 0.09722222222222222
0 0.4890625 0.7277777777777779 0.0546875 0.09722222222222222
0 0.74375 0.8 0.0546875 0.09722222222222222
0 0.778125 0.5986111111111112 0.0546875 0.09722222222222222
0 0.73984375 0.4875 0.0546875 0.09722222222222222
0 0.9359375 0.8152777777777779 0.0546875 0.09722222222222222
0 0.976953125 0.6972222222222223 0.04453125 0.09722222222222222
0 0.93125 0.6069444444444445 0.0546875 0.09722222222222222