0 0.8640625 0.49583333333333335 0.0546875 0.09722222222222222
0 0.79453125 0.5708333333333334 0.0546875 0.09722222222222222
0 0.64453125 0.45555555555555555 0.0546875 0.09722222222222222
0 0.68984375 0.4791666666666667 0.0546875 0.09722222222222222
0 0.65078125 0.6000000000000001 0.0546875 0.09722222222222222
0 0.4515625 0.43333333333333335 0.0546875 0.09722222222222222
0 0.36328125 0.5736111111111112 0.0546875 0.09722222222222222
0 0.2609375 0.6611111111111112 0.0546875 0.09722222222222222
0 0.0265625 0.5722222222222223 0.0515625 0.09722222222222222
0 0.06171875 0.37916666666666665 0.0546875 0.09722222222222222
0 0.24609375 0.49444444444444446 0.0546875 0.09722222222222222