0 0.9359375 0.6041666666666667 0.0546875 0.09722222222222222
0 0.97578125 0.6972222222222223 0.046875 0.09722222222222222
0 0.93671875 0.8138888888888889 0.0546875 0.09722222222222222
0 0.784375 0.5930555555555556 0.0546875 0.09722222222222222
0 0.74296875 0.49027777777777776 0.0546875 0.09722222222222222
0 0.74609375 0.788888888888889 0.0546875 0.09722222222222222
0 0.60546875 0.6805555555555556 0.0546875 0.09722222222222222
0 0.4890625 0.7319444444444445 0.0546875 0.09722222222222222
0 0.515625 0.4722222222222222 0.0546875 0.09722222222222222
0 0.43515625 0.5611111111111111 0.0546875 0.09722222222222222
0 0.35546875 0.5361111111111111 0.0546875 0.09722222222222222
0 0.3984375 0.8611111111111112 0.0546875 0.09722222222222222
0 0.22421875 0.6666666666666667 0.0546875 0.09722222222222222
0 0.0578125 0.5986111111111112 0.0546875 0.09722222222222222
0 0.553125 0.6944444444444445 0.0546875 0.09722222222222222