0 0.93359375 0.6138888888888889 0.0546875 0.09722222222222222
0 0.97578125 0.6972222222222223 0.046875 0.09722222222222222
0 0.9390625 0.8125 0.0546875 0.09722222222222222
0 0.78125 0.5888888888888889 0.0546875 0.09722222222222222
0 0.740625 0.4930555555555555 0.0546875 0.09722222222222222
0 0.74921875 0.7875000000000001 0.0546875 0.09722222222222222
0 0.60546875 0.675 0.0546875 0.09722222222222222
0 0.5109375 0.47638888888888886 0.0546875 0.09722222222222222
0 0.48515625 0.7250000000000001 0.0546875 0.09722222222222222
0 0.3984375 0.875 0.0546875 0.09722222222222222
0 0.43125 0.5611111111111111 0.0546875 0.09722222222222222
0 0.35625 0.5388888888888889 0.0546875 0.09722222222222222
0 0.2265625 0.675 0.0546875 0.09722222222222222
0 0.053125 0.5972222222222223 0.0546875 0.09722222222222222
0 0.24140625 0.8111111111111111 0.0546875 0.09722222222222222
0 0.55390625 0.6986111111111112 0.0546875 0.09722222222222222