0 0.35625 0.6152777777777778 0.0546875 0.09722222222222222
0 0.259375 0.5347222222222222 0.0546875 0.09722222222222222
0 0.11796875 0.475 0.0546875 0.09722222222222222
0 0.52265625 0.3833333333333333 0.0546875 0.09722222222222222
0 0.46484375 0.7569444444444445 0.0546875 0.09722222222222222
0 0.63984375 0.5791666666666667 0.0546875 0.09722222222222222
0 0.68671875 0.4652777777777778 0.0546875 0.09722222222222222
0 0.66875 0.7222222222222223 0.0546875 0.09722222222222222
0 0.8625 0.6902777777777779 0.0546875 0.09722222222222222
0 0.90390625 0.6138888888888889 0.0546875 0.09722222222222222
0 0.95625 0.5013888888888889 0.0546875 0.09722222222222222
0 0.97421875 0.6652777777777779 0.05 0.09722222222222222