0 0.0609375 0.3875 0.0546875 0.09722222222222222
0 0.027734375000000002 0.5750000000000001 0.05390625 0.09722222222222222
0 0.3609375 0.5736111111111112 0.0546875 0.09722222222222222
0 0.45234375 0.43194444444444446 0.0546875 0.09722222222222222
0 0.2609375 0.6569444444444444 0.0546875 0.09722222222222222
0 0.653125 0.6138888888888889 0.0546875 0.09722222222222222
0 0.64609375 0.46249999999999997 0.0546875 0.09722222222222222
0 0.690625 0.4791666666666667 0.0546875 0.09722222222222222
0 0.79140625 0.5736111111111112 0.0546875 0.09722222222222222
0 0.86484375 0.5 0.0546875 0.09722222222222222
0 0.24609375 0.5041666666666667 0.0546875 0.09722222222222222