0 0.8640625 0.49722222222222223 0.0546875 0.09722222222222222
0 0.79375 0.5652777777777779 0.0546875 0.09722222222222222
0 0.65 0.6097222222222223 0.0546875 0.09722222222222222
0 0.69296875 0.48333333333333334 0.0546875 0.09722222222222222
0 0.64609375 0.4597222222222222 0.0546875 0.09722222222222222
0 0.3609375 0.5736111111111112 0.0546875 0.09722222222222222
0 0.45078125 0.42777777777777776 0.0546875 0.09722222222222222
0 0.26328125 0.6513888888888889 0.0546875 0.09722222222222222
0 0.24765625 0.4930555555555555 0.0546875 0.09722222222222222
0 0.06328125 0.3902777777777778 0.0546875 0.09722222222222222
0 0.02734375 0.5736111111111112 0.053125 0.09722222222222222