0 0.03125 0.576388888888889 0.0546875 0.09722222222222222
0 0.18046875 0.6138888888888889 0.0546875 0.09722222222222222
0 0.3234375 0.5291666666666667 0.0546875 0.09722222222222222
0 0.46875 0.45555555555555555 0.0546875 0.09722222222222222
0 0.6203125 0.4166666666666667 0.0546875 0.09722222222222222
0 0.75 0.40694444444444444 0.0546875 0.09722222222222222
0 0.7359375 0.6513888888888889 0.0546875 0.09722222222222222
0 0.95 0.6583333333333334 0.0546875 0.09722222222222222
0 0.9171875 0.8430555555555556 0.0546875 0.09722222222222222
0 0.59296875 0.7486111111111111 0.0546875 0.09722222222222222
0 0.453125 0.5972222222222223 0.0546875 0.09722222222222222
0 0.421875 0.8791666666666668 0.0546875 0.09722222222222222
0 0.196875 0.4083333333333333 0.0546875 0.09722222222222222