0 0.215625 0.3875 0.0546875 0.09722222222222222
0 0.16796875 0.49166666666666664 0.0546875 0.09722222222222222
0 0.121875 0.5611111111111111 0.0546875 0.09722222222222222
0 0.23203125 0.5416666666666667 0.0546875 0.09722222222222222
0 0.3890625 0.7416666666666667 0.0546875 0.09722222222222222
0 0.40625 0.5388888888888889 0.0546875 0.09722222222222222
0 0.53984375 0.5319444444444444 0.0546875 0.09722222222222222
0 0.59765625 0.6069444444444445 0.0546875 0.09722222222222222
0 0.68203125 0.5333333333333333 0.0546875 0.09722222222222222
0 0.67890625 0.4527777777777778 0.0546875 0.09722222222222222
0 0.53203125 0.2791666666666667 0.0546875 0.09722222222222222
0 0.5625 0.35694444444444445 0.0546875 0.09722222222222222