0 0.5953125 0.6055555555555556 0.0546875 0.09722222222222222
0 0.68984375 0.5277777777777778 0.0546875 0.09722222222222222
0 0.67734375 0.43472222222222223 0.0546875 0.09722222222222222
0 0.56640625 0.3416666666666667 0.0546875 0.09722222222222222
0 0.53359375 0.26666666666666666 0.0546875 0.09722222222222222
0 0.54296875 0.5222222222222223 0.0546875 0.09722222222222222
0 0.40234375 0.5347222222222222 0.0546875 0.09722222222222222
0 0.38984375 0.7527777777777779 0.0546875 0.09722222222222222
0 0.23125 0.5416666666666667 0.0546875 0.09722222222222222
0 0.2203125 0.3763888888888889 0.0546875 0.09722222222222222
0 0.16796875 0.49166666666666664 0.0546875 0.09722222222222222
0 0.11953125 0.5680555555555556 0.0546875 0.09722222222222222