0 0.165625 0.5361111111111111 0.0546875 0.09722222222222222
0 0.18515625 0.425 0.0546875 0.09722222222222222
0 0.30703125 0.28750000000000003 0.0546875 0.09722222222222222
0 0.28984375 0.45694444444444443 0.0546875 0.09722222222222222
0 0.42890625 0.5652777777777779 0.0546875 0.09722222222222222
0 0.45390625 0.41388888888888886 0.0546875 0.09722222222222222
0 0.509375 0.5666666666666668 0.0546875 0.09722222222222222
0 0.44453125 0.6902777777777779 0.0546875 0.09722222222222222
0 0.1828125 0.7097222222222223 0.0546875 0.09722222222222222
0 0.6796875 0.525 0.0546875 0.09722222222222222
0 0.7640625 0.6902777777777779 0.0546875 0.09722222222222222
0 0.89296875 0.7305555555555556 0.0546875 0.09722222222222222
0 0.87421875 0.5041666666666667 0.0546875 0.09722222222222222