0 0.596875 0.6055555555555556 0.0546875 0.09722222222222222
0 0.5390625 0.5319444444444444 0.0546875 0.09722222222222222
0 0.68359375 0.5388888888888889 0.0546875 0.09722222222222222
0 0.5640625 0.3541666666666667 0.0546875 0.09722222222222222
0 0.52890625 0.275 0.0546875 0.09722222222222222
0 0.403125 0.5347222222222222 0.0546875 0.09722222222222222
0 0.39296875 0.7416666666666667 0.0546875 0.09722222222222222
0 0.23046875 0.5416666666666667 0.0546875 0.09722222222222222
0 0.21953125 0.3819444444444444 0.0546875 0.09722222222222222
0 0.16875 0.4875 0.0546875 0.09722222222222222
0 0.12109375 0.5680555555555556 0.0546875 0.09722222222222222