0 0.5890625 0.8 0.0546875 0.09722222222222222
0 0.78046875 0.6736111111111112 0.0546875 0.09722222222222222
0 0.9265625 0.75 0.0546875 0.09722222222222222
0 0.65234375 0.5458333333333334 0.0546875 0.09722222222222222
0 0.38828125 0.7000000000000001 0.0546875 0.09722222222222222
0 0.2234375 0.4875 0.0546875 0.09722222222222222
0 0.0296875 0.45555555555555555 0.0546875 0.09722222222222222
0 0.38125 0.41388888888888886 0.0546875 0.09722222222222222
0 0.47109375 0.3986111111111111 0.0546875 0.09722222222222222
0 0.56796875 0.5319444444444444 0.0546875 0.09722222222222222
0 0.5125 0.7361111111111112 0.0546875 0.09722222222222222