0 0.0390625 0.5722222222222223 0.0546875 0.09722222222222222
0 0.19453125 0.4166666666666667 0.0546875 0.09722222222222222
0 0.1765625 0.6152777777777778 0.0546875 0.09722222222222222
0 0.32109375 0.5347222222222222 0.0546875 0.09722222222222222
0 0.46796875 0.45694444444444443 0.0546875 0.09722222222222222
0 0.4515625 0.5958333333333334 0.0546875 0.09722222222222222
0 0.415625 0.8833333333333334 0.0546875 0.09722222222222222
0 0.59140625 0.7430555555555556 0.0546875 0.09722222222222222
0 0.73359375 0.65 0.0546875 0.09722222222222222
0 0.61640625 0.40694444444444444 0.0546875 0.09722222222222222
0 0.75234375 0.40555555555555556 0.0546875 0.09722222222222222
0 0.94765625 0.6611111111111112 0.0546875 0.09722222222222222