0 0.8953125 0.7305555555555556 0.0546875 0.09722222222222222
0 0.8765625 0.49583333333333335 0.0546875 0.09722222222222222
0 0.7640625 0.6916666666666668 0.0546875 0.09722222222222222
0 0.68359375 0.525 0.0546875 0.09722222222222222
0 0.4453125 0.6930555555555556 0.0546875 0.09722222222222222
0 0.5109375 0.5652777777777779 0.0546875 0.09722222222222222
0 0.43125 0.5625 0.0546875 0.09722222222222222
0 0.45625 0.41388888888888886 0.0546875 0.09722222222222222
0 0.290625 0.45555555555555555 0.0546875 0.09722222222222222
0 0.3078125 0.2902777777777778 0.0546875 0.09722222222222222
0 0.18359375 0.4111111111111111 0.0546875 0.09722222222222222
0 0.16796875 0.5291666666666667 0.0546875 0.09722222222222222
0 0.18359375 0.7069444444444445 0.0546875 0.09722222222222222