0 0.95859375 0.49722222222222223 0.0546875 0.09722222222222222
0 0.973046875 0.6791666666666667 0.05234375 0.09722222222222222
0 0.8609375 0.6861111111111111 0.0546875 0.09722222222222222
0 0.63828125 0.5805555555555556 0.0546875 0.09722222222222222
0 0.46328125 0.7625000000000001 0.0546875 0.09722222222222222
0 0.5265625 0.3833333333333333 0.0546875 0.09722222222222222
0 0.353125 0.6125 0.0546875 0.09722222222222222
0 0.25625 0.5333333333333333 0.0546875 0.09722222222222222
0 0.1140625 0.4638888888888889 0.0546875 0.09722222222222222
0 0.6765625 0.7166666666666667 0.0546875 0.09722222222222222
0 0.90234375 0.6208333333333333 0.0546875 0.09722222222222222