0 0.883986282770926 0.464829013535089 0.046875 0.08333333
0 0.80145658829809 0.428525349602344 0.046875 0.08333333
0 0.774999159242077 0.608912786915249 0.046875 0.08333333
0 0.683565531324639 0.486883174548145 0.046875 0.08333333
0 0.653094727231804 0.127273649282143 0.046875 0.08333333
0 0.586468762641955 0.245532077106159 0.046875 0.08333333
0 0.377387133813603 0.48100550947124 0.046875 0.08333333
0 0.251185900199463 0.28372866105324 0.046875 0.08333333
0 0.219352074596579 0.55820499029722 0.046875 0.08333333
0 0.273964485899533 0.702131761249918 0.046875 0.08333333
0 0.137532926228807 0.632268568181441 0.046875 0.08333333
