0 0.0662163967106576 0.501143733195444 0.046875 0.08333333
0 0.117022810370784 0.434669167770029 0.046875 0.08333333
0 0.139861297358259 0.343135841811353 0.046875 0.08333333
0 0.319991330148611 0.560973961375651 0.046875 0.08333333
0 0.287519314529588 0.488477915474799 0.046875 0.08333333
0 0.443852962002098 0.320468155271737 0.046875 0.08333333
0 0.505849890474681 0.468318589844891 0.046875 0.08333333
0 0.551168850178064 0.268426362275864 0.046875 0.08333333
0 0.709009800411756 0.421543944615852 0.046875 0.08333333
0 0.738123327074181 0.639516122954701 0.046875 0.08333333
0 0.801995192719145 0.298869404621711 0.046875 0.08333333
0 0.93671875 0.180555555555556 0.046875 0.08333333
0 0.968253890367045 0.375348027077705 0.046875 0.08333333
0 0.955355951848416 0.448033654558896 0.046875 0.08333333
