0 0.878734135566485 0.43031837402953 0.046875 0.08333333
0 0.789857573329297 0.413214558962073 0.046875 0.08333333
0 0.743823267288924 0.687300181661964 0.046875 0.08333333
0 0.633434647942398 0.561299713992973 0.046875 0.08333333
0 0.574941116243509 0.573247495137098 0.046875 0.08333333
0 0.548937184886242 0.35494454078998 0.046875 0.08333333
0 0.38128545191426 0.618699647069543 0.046875 0.08333333
0 0.341544082389534 0.539012797862777 0.046875 0.08333333
0 0.228539067365308 0.504454635761004 0.046875 0.08333333
0 0.221287061667498 0.591905088165822 0.046875 0.08333333
0 0.351552426046635 0.77836532668652 0.046875 0.08333333
0 0.0326781414942393 0.559033679628718 0.046875 0.08333333
