0 1.00186547458034 0.60532337061903 -0.00373094916068073 0.08333333
0 0.96675480947981 0.398613983949101 0.046875 0.08333333
0 0.87265625 0.398611111111111 0.046875 0.08333333
0 0.906728295229086 0.589592616580625 0.046875 0.08333333
0 0.731035357360191 0.623565743432374 0.046875 0.08333333
0 0.665172323540158 0.571029652800579 0.046875 0.08333333
0 0.613808242795637 0.735858988504388 0.046875 0.08333333
0 0.536758854566497 0.644545585683792 0.046875 0.08333333
0 0.569663707830066 0.681761814612424 0.046875 0.08333333
0 0.576679014926678 0.550220277439502 0.046875 0.08333333
0 0.377881934177593 0.568304930627837 0.046875 0.08333333
0 0.307074426865793 0.548433219238859 0.046875 0.08333333
0 0.267734402317566 0.73642771218608 0.046875 0.08333333
