0 0.856812488688276 0.431374916819195 0.046875 0.08333333
0 0.857591436563593 0.522297129506899 0.046875 0.08333333
0 0.80771167833317 0.609448030316037 0.046875 0.08333333
0 0.772570845626069 0.523812403756331 0.046875 0.08333333
0 0.682941019835077 0.40264034209767 0.046875 0.08333333
0 0.671723561640467 0.501707393609826 0.046875 0.08333333
0 0.662758733408682 0.600507910011698 0.046875 0.08333333
0 0.597126681765731 0.602027763763551 0.046875 0.08333333
0 0.625468653368934 0.316987880139305 0.046875 0.08333333
0 0.556849703254623 0.440265777848008 0.046875 0.08333333
0 0.405117141172518 0.368589156038351 0.046875 0.08333333
0 0.443047232194986 0.442830214306464 0.046875 0.08333333
0 0.354893646712111 0.323878533517081 0.046875 0.08333333
0 0.263500822381375 0.566762442579332 0.046875 0.08333333
0 0.108117425747983 0.523305715088551 0.046875 0.08333333
0 0.0926659850715699 0.294116599504036 0.046875 0.08333333
