0 0.970605213205148 0.835648676918076 0.046875 0.08333333
0 0.872168125104152 0.512406567567564 0.046875 0.08333333
0 0.694775455769663 0.62261309234959 0.046875 0.08333333
0 0.633197150554307 0.430296687937778 0.046875 0.08333333
0 0.492544270585111 0.526502609811219 0.046875 0.08333333
0 0.520366027584515 0.528800185108869 0.046875 0.08333333
0 0.57589298078364 0.712096950298713 0.046875 0.08333333
0 0.473609710400837 0.313397937078544 0.046875 0.08333333
0 0.732697675410368 0.210076362422721 0.046875 0.08333333
0 0.866156721909499 0.159594390881867 0.046875 0.08333333
0 0.955195638194772 0.237066668897777 0.046875 0.08333333
0 0.821399111510138 0.41621936825496 0.046875 0.08333333
0 0.380214307242069 0.516246333800588 0.046875 0.08333333
0 0.204104180887436 0.524193231487235 0.046875 0.08333333
0 0.16338652131123 0.481514354189479 0.046875 0.08333333
0 0.184580624141571 0.603494953924591 0.046875 0.08333333
0 0.074464504313977 0.486156777543793 0.046875 0.08333333
