0 0.089563502332288 0.470255451127766 0.046875 0.08333333
0 0.0595222454175919 0.796927449225711 0.046875 0.08333333
0 0.0362634256546992 0.352019855370085 0.046875 0.08333333
0 0.246043620568074 0.513238602600047 0.046875 0.08333333
0 0.231496520045789 0.713055786066765 0.046875 0.08333333
0 0.31888172377652 0.846249413368342 0.046875 0.08333333
0 0.431452046135055 0.501656221430132 0.046875 0.08333333
0 0.507937478596811 0.250246814815236 0.046875 0.08333333
0 0.643521388268108 0.369930815098162 0.046875 0.08333333
0 0.775243376170847 0.307051332031092 0.046875 0.08333333
0 0.654141242693807 0.730308857771346 0.046875 0.08333333
0 0.872921540605652 0.462315050311449 0.046875 0.08333333
0 0.975608203213093 0.440685201646688 0.046875 0.08333333
