0 0.216555250157298 0.466272735663656 0.046875 0.08333333
0 0.18345050662187 0.415851365833987 0.046875 0.08333333
0 0.0663791242343547 0.342649053523809 0.046875 0.08333333
0 0.00568460809069203 0.630152986718213 0.0355057838186159 0.08333333
0 0.0518293619838462 0.705808556623117 0.046875 0.08333333
0 0.184465847091222 0.227655925694385 0.046875 0.08333333
0 0.361173404177589 0.583141197044935 0.046875 0.08333333
0 0.515856606536932 0.403194525391118 0.046875 0.08333333
0 0.408912556584184 0.386669687542146 0.046875 0.08333333
0 0.564411258955505 0.439382672168332 0.046875 0.08333333
0 0.7336090029497 0.244199670294993 0.046875 0.08333333
0 0.879199444799905 0.467431976229732 0.046875 0.08333333
