0 0.94797220377569 0.600542356970098 0.046875 0.08333333
0 0.866382372932836 0.454872424895436 0.046875 0.08333333
0 0.70283926730508 0.395109206304342 0.046875 0.08333333
0 0.546449491335994 0.394356264329949 0.046875 0.08333333
0 0.517291118473782 0.575090213301763 0.046875 0.08333333
0 0.459039527443571 0.35360299205494 0.046875 0.08333333
0 0.228681107411316 0.36349477955443 0.046875 0.08333333
0 0.205154654910094 0.555630765660186 0.046875 0.08333333
0 0.111332381154208 0.552535497317206 0.046875 0.08333333
0 0.0840586532842717 0.285206214960036 0.046875 0.08333333
0 0.129093089400914 0.237806492470838 0.046875 0.08333333
0 0.0835641697077857 0.646636230124481 0.046875 0.08333333
