0 0.230083440901153 0.44848803533953 0.046875 0.08333333
0 0.067006590686885 0.397601273657456 0.046875 0.08333333
0 0.00548372898753578 0.542779717075609 0.0359075420249284 0.08333333
0 0.247705965138264 0.561049187029151 0.046875 0.08333333
0 0.373402333402861 0.293490484708337 0.046875 0.08333333
0 0.417026402001067 0.421487824488887 0.046875 0.08333333
0 0.427198252574183 0.563522496033752 0.046875 0.08333333
0 0.628026325174381 0.517887527313913 0.046875 0.08333333
0 0.526409495960182 0.430675872653451 0.046875 0.08333333
0 0.598403376603589 0.312472221095791 0.046875 0.08333333
0 0.687044152925468 0.619071986551301 0.046875 0.08333333
0 0.820082347998485 0.534481248738908 0.046875 0.08333333
0 0.983702472600823 0.441401469660689 0.0325950547983531 0.08333333
0 1.00307479007577 0.524304191620203 -0.006149580151531 0.08333333
0 0.872545779735424 0.596462565207493 0.046875 0.08333333
0 0.849399232888593 0.363077250812195 0.046875 0.08333333
