0 0.819748117491073 0.482735200475966 0.046875 0.08333333
0 0.762319856507786 0.535403279772885 0.046875 0.08333333
0 0.760719757512635 0.429805489754378 0.046875 0.08333333
0 0.538523855861664 0.632096012278966 0.046875 0.08333333
0 0.295724759610028 0.467111940397284 0.046875 0.08333333
0 0.18375742543147 0.68871134047485 0.046875 0.08333333
0 0.143160763946982 0.490106081901079 0.046875 0.08333333
0 0.0835397350004886 0.488103171254429 0.046875 0.08333333
0 0.191611964055719 0.494028504382828 0.046875 0.08333333
0 0.112967183148021 0.166942845859018 0.046875 0.08333333
0 0.0159055664386561 0.279510323503391 0.0150638671226878 0.08333333
0 0.271082022332647 0.195725091496764 0.046875 0.08333333
