0 0.0539454201995118 0.654746377486161 0.046875 0.08333333
0 0.0482831259316619 0.456697780419026 0.046875 0.08333333
0 0.229023324230519 0.52157104195518 0.046875 0.08333333
0 0.227884025612722 0.336429719575373 0.046875 0.08333333
0 0.314024632242478 0.81535137695617 0.046875 0.08333333
0 0.421786889485876 0.574330202173614 0.046875 0.08333333
0 0.368108311878394 0.35049794351648 0.046875 0.08333333
0 0.570291622726584 0.388007085562484 0.046875 0.08333333
0 0.739065491534548 0.364954026469528 0.046875 0.08333333
0 0.630561032783135 0.618434907964637 0.046875 0.08333333
0 0.876073061557551 0.583180289095584 0.046875 0.08333333
0 0.939240109820698 0.449009931501232 0.046875 0.08333333
