0 0.947113694657529 0.482505457311009 0.046875 0.08333333
0 0.906602060165422 0.517467141848203 0.046875 0.08333333
0 0.677408301379957 0.533339327691606 0.046875 0.08333333
0 0.634352518354962 0.399612391151772 0.046875 0.08333333
0 0.644770092514647 0.697354942654953 0.046875 0.08333333
0 0.561165004793353 0.450300564663139 0.046875 0.08333333
0 0.523032903634134 0.538432984195628 0.046875 0.08333333
0 0.319164068048887 0.546037171334494 0.046875 0.08333333
0 0.43346632224233 0.732800321666607 0.046875 0.08333333
0 0.164258903822017 0.43199192239867 0.046875 0.08333333
0 0.0317065074208374 0.396266665536809 0.046875 0.08333333
0 0.0641516255979174 0.500102661614076 0.046875 0.08333333
0 0.0813400323571504 0.618161293561706 0.046875 0.08333333
