0 0.936712753177817 0.350263974288125 0.046875 0.08333333
0 0.857475268446166 0.686477285688501 0.046875 0.08333333
0 0.740284533071758 0.392656717565303 0.046875 0.08333333
0 0.703181799112688 0.730596713842509 0.046875 0.08333333
0 0.583049582529457 0.553324282627607 0.046875 0.08333333
0 0.564813606668047 0.423630224079225 0.046875 0.08333333
0 0.497495658110837 0.27076651467491 0.046875 0.08333333
0 0.423199961586633 0.53077824885812 0.046875 0.08333333
0 0.322793202489883 0.404826441543776 0.046875 0.08333333
0 0.338260755897036 0.577207452637318 0.046875 0.08333333
0 0.111051499567147 0.326165774743291 0.046875 0.08333333
0 0.0962963916732094 0.54407813541783 0.046875 0.08333333
