0 0.860550043510013 0.442385066695636 0.046875 0.08333333
0 0.774952259361452 0.293402550075742 0.046875 0.08333333
0 0.582473969123919 0.353368939015069 0.046875 0.08333333
0 0.515167279960424 0.342069396403682 0.046875 0.08333333
0 0.465840939002552 0.367913761874158 0.046875 0.08333333
0 0.28294016729698 0.285307735378789 0.046875 0.08333333
0 0.350477000801036 0.407522555426674 0.046875 0.08333333
0 0.264183290287429 0.41559817316628 0.046875 0.08333333
0 0.128238018643155 0.426425591127667 0.046875 0.08333333
0 0.0594816893664886 0.366395816239883 0.046875 0.08333333
0 0.0203659435431765 0.482100113603868 0.00614311291364696 0.08333333
