0 0.834896759581049 0.236683488297216 0.046875 0.08333333
0 0.805872316912624 0.566950346538374 0.046875 0.08333333
0 0.642844874400709 0.334697903135843 0.046875 0.08333333
0 0.719485273075377 0.168660614253691 0.046875 0.08333333
0 0.489683707813734 0.280753773580297 0.046875 0.08333333
0 0.475397407406099 0.511555936890879 0.046875 0.08333333
0 0.503705473752445 0.1439193254594 0.046875 0.08333333
0 0.385389956903134 0.405252643742828 0.046875 0.08333333
0 0.309750560771793 0.239014071109717 0.046875 0.08333333
0 0.307204707713976 0.148773064833 0.046875 0.08333333
0 0.233835960455544 0.483491452489527 0.046875 0.08333333
0 0.188098158543687 0.379092955642025 0.046875 0.08333333
0 0.143900303604797 0.0881162280849357 0.046875 0.08333333
0 0.022415746279586 0.244963923343021 0.00204350744082794 0.08333333
0 0.073514432571413 0.534214319850558 0.046875 0.08333333
