0 0.86625621533816 0.585775517318834 0.046875 0.08333333
0 0.786023581435562 0.541250382881632 0.046875 0.08333333
0 0.824595100281855 0.392381861054511 0.046875 0.08333333
0 0.727365969835345 0.422143586889283 0.046875 0.08333333
0 0.63378656022494 0.565559773821303 0.046875 0.08333333
0 0.400006089835571 0.443175726041322 0.046875 0.08333333
0 0.45704960728654 0.561896590789849 0.046875 0.08333333
0 0.364720181774352 0.616842609064111 0.046875 0.08333333
0 0.435764693599289 0.356393760784264 0.046875 0.08333333
0 0.227462571011519 0.353807499974848 0.046875 0.08333333
0 0.228611637091179 0.58164325171653 0.046875 0.08333333
0 0.192418760064531 0.564815372669755 0.046875 0.08333333
0 0.065976377827783 0.516559343526364 0.046875 0.08333333
