0 0.88186867003508 0.767904278333533 0.046875 0.08333333
0 0.884924441965098 0.612028879416971 0.046875 0.08333333
0 0.881585601653783 0.465180760592474 0.046875 0.08333333
0 0.754226038437411 0.651753132106003 0.046875 0.08333333
0 0.700204949100163 0.38973468867071 0.046875 0.08333333
0 0.592055585435609 0.257968166887096 0.046875 0.08333333
0 0.561478000025042 0.589003767714445 0.046875 0.08333333
0 0.632200659730834 0.728234420159168 0.046875 0.08333333
0 0.533627581194727 0.55982432798882 0.046875 0.08333333
0 0.426071951260221 0.471566689531768 0.046875 0.08333333
0 0.31641645262434 0.568887514799586 0.046875 0.08333333
0 0.210860275571579 0.472982423394849 0.046875 0.08333333
0 0.205457119201541 0.267638860446555 0.046875 0.08333333
0 0.183581468308609 0.600785654898711 0.046875 0.08333333
0 0.0401583848041611 0.405423704287505 0.046875 0.08333333
0 0.152517720963177 0.477048852234524 0.046875 0.08333333
