0 0.932973078500962 0.623771194035774 0.046875 0.08333333
0 0.916878544546433 0.460030388475701 0.046875 0.08333333
0 0.842220262153555 0.651129855509607 0.046875 0.08333333
0 0.731307665375875 0.377908871495256 0.046875 0.08333333
0 0.648266529931863 0.347490697317707 0.046875 0.08333333
0 0.555534197546216 0.767930486384167 0.046875 0.08333333
0 0.405793720387119 0.453289579794398 0.046875 0.08333333
0 0.515410994740101 0.419295969917333 0.046875 0.08333333
0 0.498197250514565 0.577729958990977 0.046875 0.08333333
0 0.300318043275883 0.695842824756489 0.046875 0.08333333
0 0.35513631195612 0.622050617226562 0.046875 0.08333333
0 0.273523906172567 0.597133287801805 0.046875 0.08333333
0 0.182069470369395 0.373410280231027 0.046875 0.08333333
0 0.284307986964426 0.435598571289163 0.046875 0.08333333
0 0.310545477484672 0.279037563960409 0.046875 0.08333333
