0 0.726598837755414 0.259163393092723 0.046875 0.08333333
0 0.715722786479895 0.389629747472816 0.046875 0.08333333
0 0.711479090436823 0.455619846296723 0.046875 0.08333333
0 0.591594406757973 0.564984845521247 0.046875 0.08333333
0 0.516005383312192 0.41605922137611 0.046875 0.08333333
0 0.421751331568096 0.634737294850201 0.046875 0.08333333
0 0.495035850363984 0.322435422363574 0.046875 0.08333333
0 0.289982811798737 0.536090474285479 0.046875 0.08333333
0 0.291249104881393 0.308333159881044 0.046875 0.08333333
0 0.0553177489048991 0.438297288382714 0.046875 0.08333333
0 0.0383460052230608 0.525472497071476 0.046875 0.08333333
0 0.749978966308492 0.557281759036434 0.046875 0.08333333
