0 0.175244668154947 0.422255121366965 0.046875 0.08333333
0 0.0874212537428354 0.482937961602123 0.046875 0.08333333
0 0.0595073603925399 0.346514475753995 0.046875 0.08333333
0 0.252538942560408 0.49983344772626 0.046875 0.08333333
0 0.250707820947756 0.268438294977967 0.046875 0.08333333
0 0.225722460865107 0.25720591752674 0.046875 0.08333333
0 0.361255346726464 0.465833353417247 0.046875 0.08333333
0 0.424742233620272 0.559324385973109 0.046875 0.08333333
0 0.468602646537227 0.395628530216761 0.046875 0.08333333
0 0.648925512632765 0.376604501075846 0.046875 0.08333333
0 0.589187546488098 0.577718016499802 0.046875 0.08333333
0 0.847871014163384 0.433660279036883 0.046875 0.08333333
0 0.973439882655157 0.404902733979866 0.046875 0.08333333
0 0.922116476719922 0.719736489740229 0.046875 0.08333333
0 0.795459947485986 0.543976164448797 0.046875 0.08333333
