0 0.86078731130751 0.572040312443519 0.046875 0.08333333
0 0.802443734099907 0.627115537523815 0.046875 0.08333333
0 0.711922794393916 0.501464431486425 0.046875 0.08333333
0 0.686099734551242 0.297057009240104 0.046875 0.08333333
0 0.535176490101962 0.544345960026 0.046875 0.08333333
0 0.520517653543511 0.441897972240096 0.046875 0.08333333
0 0.527905206052065 0.625435732932253 0.046875 0.08333333
0 0.311601113212504 0.402807167385363 0.046875 0.08333333
0 0.252338371040006 0.321773988073651 0.046875 0.08333333
0 0.181780216672673 0.554186064622785 0.046875 0.08333333
0 0.0939048439899882 0.373206354527497 0.046875 0.08333333
