0 0.941367846391133 0.805330758854643 0.046875 0.08333333
0 0.798713988588443 0.928833669451599 0.046875 0.08333333
0 0.75234375 0.877777777777778 0.046875 0.08333333
0 0.621608965219134 0.84831179194672 0.046875 0.08333333
0 0.495199447553499 0.618769820222555 0.046875 0.08333333
0 0.644953368914658 0.598135024632287 0.046875 0.08333333
0 0.725536593341607 0.484368314458098 0.046875 0.08333333
0 0.801893589161433 0.500322430491482 0.046875 0.08333333
0 0.889858771205105 0.251075254354226 0.046875 0.08333333
0 0.605087367583198 0.347925907537827 0.046875 0.08333333
0 0.518141865688429 0.205594539966408 0.046875 0.08333333
0 0.703686262912214 0.10181930889911 0.046875 0.08333333
0 0.433092957075729 0.278124306228318 0.046875 0.08333333
0 0.352533415395596 0.289925053800069 0.046875 0.08333333
0 0.217377817803332 0.284297630694587 0.046875 0.08333333
0 0.333744538749783 0.409361864549677 0.046875 0.08333333
0 0.220076620170485 0.74644658889079 0.046875 0.08333333
0 0.0820002773844251 0.369450230162552 0.046875 0.08333333
0 0.0927789393736188 0.124430235880936 0.046875 0.08333333
