0 0.281639496295586 0.416021943777165 0.046875 0.08333333
0 0.318208920791777 0.500236923592145 0.046875 0.08333333
0 0.257431891329883 0.711681635207454 0.046875 0.08333333
0 0.408081623942146 0.805142391070057 0.046875 0.08333333
0 0.41661096452979 0.892783421941936 0.046875 0.08333333
0 0.550355744352261 0.651641378444185 0.046875 0.08333333
0 0.542327604588174 0.467557599437403 0.046875 0.08333333
0 0.496461107404932 0.383400614288 0.046875 0.08333333
0 0.414236221466884 0.364759504474669 0.046875 0.08333333
0 0.40914663239122 0.445644951478012 0.046875 0.08333333
0 0.215625 0.434722222222222 0.046875 0.08333333
0 0.551897627814867 0.793108874970252 0.046875 0.08333333
0 0.785057190238315 0.327184909753104 0.046875 0.08333333
0 0.703808214119968 0.528210953242657 0.046875 0.08333333
0 0.638524880733862 0.46301117273921 0.046875 0.08333333
0 0.960968297063547 0.537749936487712 0.046875 0.08333333
