0 0.716025932300538 0.541476972577208 0.046875 0.08333333
0 0.552748325163502 0.537968363133886 0.046875 0.08333333
0 0.788831630487844 0.804985483612056 0.046875 0.08333333
0 0.881048895854327 0.832158925120114 0.046875 0.08333333
0 0.921123101863936 0.555337217375363 0.046875 0.08333333
0 0.441906045439645 0.492834414478982 0.046875 0.08333333
0 0.0853452075833593 0.451805123153427 0.046875 0.08333333
0 0.00559755646727213 0.453468400835433 0.0356798870654557 0.08333333
0 0.0539104580838189 0.330594848402661 0.046875 0.08333333
0 0.0174284717031636 0.374238944963021 0.0120180565936728 0.08333333
