0 0.209292176350554 0.374550236285005 0.046875 0.08333333
0 0.177371651377698 0.509315295136188 0.046875 0.08333333
0 0.121172459607319 0.534193751933025 0.046875 0.08333333
0 0.291144503007908 0.48991322957385 0.046875 0.08333333
0 0.399377830732258 0.462074743249739 0.046875 0.08333333
0 0.448887938197238 0.47472585310864 0.046875 0.08333333
0 0.610284051709451 0.389810249061991 0.046875 0.08333333
0 0.78125 0.3125 0.046875 0.08333333
0 0.846045410726154 0.47766034552979 0.046875 0.08333333
0 0.838736796538219 0.395330895721708 0.046875 0.08333333
0 0.921852204652951 0.318209016579025 0.046875 0.08333333
