0 0.953831230043797 0.736688032538209 0.046875 0.08333333
0 0.90790029050578 0.710392033939687 0.046875 0.08333333
0 0.934669962251096 0.387232669347233 0.046875 0.08333333
0 0.849207415838629 0.473892625752375 0.046875 0.08333333
0 0.868654347609075 0.628716841287094 0.046875 0.08333333
0 0.819010210736583 0.825002346695829 0.046875 0.08333333
0 0.623856668082651 0.763445251253345 0.046875 0.08333333
0 0.655907986557864 0.442099658486868 0.046875 0.08333333
0 0.618080768588886 0.260629543094274 0.046875 0.08333333
0 0.501114954196897 0.323297518903133 0.046875 0.08333333
0 0.531297622685664 0.449801510449744 0.046875 0.08333333
0 0.515299090023849 0.691320842145571 0.046875 0.08333333
0 0.510971708230757 0.749437950352193 0.046875 0.08333333
0 0.172704267651206 0.50316208147437 0.046875 0.08333333
0 0.248496343654838 0.555588434513254 0.046875 0.08333333
0 0.160262665776537 0.426037686445471 0.046875 0.08333333
0 0.0509655391399133 0.256284937325203 0.046875 0.08333333
