0 0.08359375 0.375 0.046875 0.08333333
0 0.204999959617129 0.319082454064211 0.046875 0.08333333
0 0.256075419351451 0.408071326019922 0.046875 0.08333333
0 0.310431461865253 0.533401001524751 0.046875 0.08333333
0 0.420158286534915 0.45827488018537 0.046875 0.08333333
0 0.413621824461856 0.33304830611249 0.046875 0.08333333
0 0.485914498198433 0.215647227552392 0.046875 0.08333333
0 0.580111297304631 0.407396590980202 0.046875 0.08333333
0 0.625484006731335 0.203190856025585 0.046875 0.08333333
0 0.747057022726775 0.467778825887756 0.046875 0.08333333
0 0.807232071121594 0.62098570393025 0.046875 0.08333333
0 0.884737126192044 0.514812576571251 0.046875 0.08333333
0 0.976109180995983 0.386922438184331 0.046875 0.08333333
0 0.950465302235881 0.288509777420824 0.046875 0.08333333
0 0.986878279027957 0.55629464377445 0.0262434419440849 0.08333333
