0 0.971720136136603 0.452476435906827 0.046875 0.08333333
0 0.770577232028071 0.348423001410776 0.046875 0.08333333
0 0.661929434394171 0.429483462280705 0.046875 0.08333333
0 0.512884889936942 0.434499909339294 0.046875 0.08333333
0 0.459902810210633 0.508718867374406 0.046875 0.08333333
0 0.480989265216418 0.25310397545399 0.046875 0.08333333
0 0.478029062068459 0.678150709498288 0.046875 0.08333333
0 0.326153339485195 0.250202464881279 0.046875 0.08333333
0 0.267505592334046 0.239396841798883 0.046875 0.08333333
0 0.295858212875613 0.363395874957442 0.046875 0.08333333
0 0.31664325676076 0.633327872824151 0.046875 0.08333333
0 0.144366381110499 0.5211476680543 0.046875 0.08333333
0 0.0876193007309386 0.228915020762462 0.046875 0.08333333
0 0.0846691727775387 0.364060692718996 0.046875 0.08333333
