0 0.191696341650721 0.529743671284214 0.046875 0.08333333
0 0.326834757725206 0.585735898248887 0.046875 0.08333333
0 0.373044256420892 0.410294124763834 0.046875 0.08333333
0 0.529754821528938 0.571816906840801 0.046875 0.08333333
0 0.599588745547471 0.722919527855568 0.046875 0.08333333
0 0.620020330762422 0.467647855531197 0.046875 0.08333333
0 0.563936458057086 0.389060341769178 0.046875 0.08333333
0 0.791688256473718 0.698291798843924 0.046875 0.08333333
0 0.741182389329107 0.260775991581653 0.046875 0.08333333
0 0.965747005963163 0.63255510504717 0.046875 0.08333333
0 0.915146397653451 0.338418985282238 0.046875 0.08333333
