0 0.225011669114068 0.614973288248743 0.046875 0.08333333
0 0.200616177007148 0.608520618298567 0.046875 0.08333333
0 0.172787224681812 0.464768779013254 0.046875 0.08333333
0 0.331348081234707 0.487940306916488 0.046875 0.08333333
0 0.372059322508349 0.615039415093198 0.046875 0.08333333
0 0.460864278686125 0.456929958033268 0.046875 0.08333333
0 0.610805075692032 0.499340397222182 0.046875 0.08333333
0 0.764962207062884 0.611073948988505 0.046875 0.08333333
0 0.862125753338581 0.463526756770096 0.046875 0.08333333
0 0.960205706433079 0.575188458949818 0.046875 0.08333333
0 0.819197219564462 0.659248683536678 0.046875 0.08333333
