0 0.93552103472032 0.696778520530689 0.046875 0.08333333
0 0.88341340893233 0.269495522712273 0.046875 0.08333333
0 0.878644200194623 0.474557717367776 0.046875 0.08333333
0 0.75083754984178 0.457631584600705 0.046875 0.08333333
0 0.558973779160451 0.552301790586973 0.046875 0.08333333
0 0.273343245129328 0.576042462821088 0.046875 0.08333333
0 0.157219305830789 0.687475356698435 0.046875 0.08333333
0 0.0243983501457817 0.515851787579388 0.046875 0.08333333
0 0.16517074508185 0.411237446117889 0.046875 0.08333333
0 0.0369385305485223 0.353657453786766 0.046875 0.08333333
