0 0.918288027578702 0.496011842389898 0.046875 0.08333333
0 0.78028802270311 0.641521250061918 0.046875 0.08333333
0 0.765847564357593 0.840337056119784 0.046875 0.08333333
0 0.695785269392004 0.577186644440355 0.046875 0.08333333
0 0.631781072522065 0.349632706971038 0.046875 0.08333333
0 0.435539369721777 0.227440540413818 0.046875 0.08333333
0 0.494965292217111 0.831131219279632 0.046875 0.08333333
0 0.299873706966931 0.264102020523884 0.046875 0.08333333
0 0.216089012518109 0.695424607813981 0.046875 0.08333333
0 0.109655505271276 0.461520525166485 0.046875 0.08333333
0 0.0276467607011932 0.375385884175889 0.046875 0.08333333
0 0.0660599836789935 0.169237260698857 0.046875 0.08333333
