0 0.0301859243632336 0.492935689241819 0.046875 0.08333333
0 0.212795164285741 0.479129539496433 0.046875 0.08333333
0 0.36366209437761 0.550099322939425 0.046875 0.08333333
0 0.21536630192486 0.34306558669881 0.046875 0.08333333
0 0.453730511411458 0.555900526204752 0.046875 0.08333333
0 0.487452021095608 0.513761529839985 0.046875 0.08333333
0 0.598056551817212 0.652509798089675 0.046875 0.08333333
0 0.656651750469179 0.455624553648347 0.046875 0.08333333
0 0.837851754906732 0.39648211280427 0.046875 0.08333333
0 0.83359375 0.759722222222222 0.046875 0.08333333
0 0.840039333562858 0.495940521477804 0.046875 0.08333333
0 0.960250850390391 0.599579672537486 0.046875 0.08333333
