0 0.942342897344577 0.663314609895864 0.046875 0.08333333
0 0.782291451760281 0.559834835019551 0.046875 0.08333333
0 0.617380365301064 0.857680456658724 0.046875 0.08333333
0 0.580264457054016 0.421206991720716 0.046875 0.08333333
0 0.468877174852185 0.575426284610681 0.046875 0.08333333
0 0.363840095870732 0.861568629149247 0.046875 0.08333333
0 0.249840212181425 0.717940092230367 0.046875 0.08333333
0 0.249228266783535 0.519803527795256 0.046875 0.08333333
0 0.177457598881207 0.602318826166195 0.046875 0.08333333
0 0.184092620023911 0.735373941941792 0.046875 0.08333333
0 0.079597924512342 0.631977912666188 0.046875 0.08333333
0 0.337636949177935 0.212659547883339 0.046875 0.08333333
