0 0.254212731474159 0.416989405018396 0.046875 0.08333333
0 0.051739174339961 0.320582121612792 0.046875 0.08333333
0 0.417429176521764 0.476660855605181 0.046875 0.08333333
0 0.490900095420193 0.76509283846719 0.046875 0.08333333
0 0.519231607282975 0.567120115820897 0.046875 0.08333333
0 0.464414919807985 0.302369912643485 0.046875 0.08333333
0 0.67745276768872 0.15402266087539 0.046875 0.08333333
0 0.642407497782365 0.309945373069413 0.046875 0.08333333
0 0.787202006723393 0.331071753923908 0.046875 0.08333333
0 0.719805379939139 0.559016818947054 0.046875 0.08333333
0 0.840949332779441 0.666279352082972 0.046875 0.08333333
0 0.660079314715915 0.735702531296656 0.046875 0.08333333
0 0.903866297416352 0.433104373520794 0.046875 0.08333333
