0 0.962976437723151 0.28107395962841 0.046875 0.08333333
0 0.927654526864901 0.704531242333054 0.046875 0.08333333
0 0.870130768506487 0.551688142102204 0.046875 0.08333333
0 0.781264057750341 0.205369515710733 0.046875 0.08333333
0 0.661813467447313 0.371632813924228 0.046875 0.08333333
0 0.696937652318987 0.71384050809155 0.046875 0.08333333
0 0.584478094398132 0.529463307747303 0.046875 0.08333333
0 0.499502395615748 0.25154635053054 0.046875 0.08333333
0 0.367406577458275 0.374032760752955 0.046875 0.08333333
0 0.103774674485466 0.349676086061282 0.046875 0.08333333
0 0.0367570389639583 0.730395888250683 0.046875 0.08333333
