0 0.95894379705861 0.555856873166347 0.046875 0.08333333
0 0.90859375 0.438888888888889 0.046875 0.08333333
0 0.86354511378507 0.265944436199414 0.046875 0.08333333
0 0.839041683855205 0.56371098648527 0.046875 0.08333333
0 0.672105756719035 0.535370014960775 0.046875 0.08333333
0 0.475190020381472 0.54824844742741 0.046875 0.08333333
0 0.312469829881087 0.311048608357933 0.046875 0.08333333
0 0.396782680396956 0.631843912918418 0.046875 0.08333333
0 0.346765175303661 0.806441404912183 0.046875 0.08333333
0 0.227898590918199 0.613544952491679 0.046875 0.08333333
0 0.233862907384118 0.503195775673061 0.046875 0.08333333
0 0.125296902872341 0.45674975596626 0.046875 0.08333333
