0 0.835544578641301 0.166656425781502 0.046875 0.08333333
0 0.83464975669588 0.511169691728654 0.046875 0.08333333
0 0.763701041295265 0.348792483223481 0.046875 0.08333333
0 0.574061992723894 0.460212740239857 0.046875 0.08333333
0 0.501905684428758 0.25762386978422 0.046875 0.08333333
0 0.41343969362647 0.31979350801767 0.046875 0.08333333
0 0.407673946734891 0.524181616511073 0.046875 0.08333333
0 0.304326759385437 0.48984338252539 0.046875 0.08333333
0 0.331882044298359 0.273811448745249 0.046875 0.08333333
0 0.264433941144 0.166006936093827 0.046875 0.08333333
0 0.154797299645848 0.390280326794996 0.046875 0.08333333
0 0.0738875753134135 0.311036430062917 0.046875 0.08333333
0 0.185869559921403 0.0635891620805714 0.046875 0.08333333
0 0.0815329845322316 0.552546370275461 0.046875 0.08333333
