0 0.88846653844072 0.387936402619482 0.046875 0.08333333
0 0.82995197979434 0.598311709362386 0.046875 0.08333333
0 0.643779752639352 0.529023791942743 0.046875 0.08333333
0 0.68359375 0.293055555555556 0.046875 0.08333333
0 0.691989853965192 0.42386640045894 0.046875 0.08333333
0 0.502763759409622 0.555313567626719 0.046875 0.08333333
0 0.467267553925461 0.686811812403318 0.046875 0.08333333
0 0.488811509409161 0.360235021501809 0.046875 0.08333333
0 0.203477092175173 0.422270181658316 0.046875 0.08333333
0 0.152717473266472 0.482604054197556 0.046875 0.08333333
0 0.268610511242768 0.350358448970508 0.046875 0.08333333
