0 0.9265625 0.273611111111111 0.046875 0.08333333
0 0.6193325927997 0.368420514803926 0.046875 0.08333333
0 0.658133069722389 0.55265461435382 0.046875 0.08333333
0 0.412969005287606 0.694917130677295 0.046875 0.08333333
0 0.473444850916723 0.447133206610501 0.046875 0.08333333
0 0.403393460348273 0.306989166468282 0.046875 0.08333333
0 0.170449339798469 0.363395466056079 0.046875 0.08333333
0 0.289857271324024 0.621538111092017 0.046875 0.08333333
0 0.371421050245697 0.92021140329474 0.046875 0.08333333
0 0.114249903688988 0.643413613257027 0.046875 0.08333333
0 0.0183413566280143 0.519041913885994 0.0101922867439713 0.08333333
