0 0.879846159185285 0.308843408028167 0.046875 0.08333333
0 0.875091669883764 0.541533433896427 0.046875 0.08333333
0 0.811918706905138 0.431120226465161 0.046875 0.08333333
0 0.638275038128606 0.453645799833764 0.046875 0.08333333
0 0.610676307195488 0.293432837061461 0.046875 0.08333333
0 0.453115701407211 0.423573809403886 0.046875 0.08333333
0 0.348715339781749 0.509435624106789 0.046875 0.08333333
0 0.39458870727333 0.309315135069473 0.046875 0.08333333
0 0.19462158228649 0.28124645954044 0.046875 0.08333333
0 0.11922500149182 0.334379522653145 0.046875 0.08333333
0 0.0315696811683746 0.448973360230971 0.046875 0.08333333
