0 0.123426570356492 0.465930873724882 0.046875 0.08333333
0 0.107050735006282 0.282585932578828 0.046875 0.08333333
0 0.164922002864438 0.595779917583918 0.046875 0.08333333
0 0.363767694969228 0.551216923161675 0.046875 0.08333333
0 0.349007545505195 0.340871315773085 0.046875 0.08333333
0 0.414936736532527 0.45274990479579 0.046875 0.08333333
0 0.520018104432298 0.537824048997426 0.046875 0.08333333
0 0.538800087015835 0.358740698967242 0.046875 0.08333333
0 0.737756393913983 0.574022055942585 0.046875 0.08333333
0 0.805195534214729 0.413622441485415 0.046875 0.08333333
0 0.947298969786186 0.473733817111708 0.046875 0.08333333
0 0.97861052878607 0.638100753631615 0.0427789424278591 0.08333333
0 0.933249174132214 0.431399975065084 0.046875 0.08333333
