0 0.963398443350016 0.644229941165157 0.046875 0.08333333
0 0.833684932303664 0.503219312944735 0.046875 0.08333333
0 0.750112074898163 0.250437094323005 0.046875 0.08333333
0 0.747753343846287 0.456080163221442 0.046875 0.08333333
0 0.684837453925616 0.673684616409236 0.046875 0.08333333
0 0.554726306027531 0.736846223356216 0.046875 0.08333333
0 0.560201075364472 0.582837184903135 0.046875 0.08333333
0 0.56465490213299 0.332679722927009 0.046875 0.08333333
0 0.554966412147203 0.227006494438531 0.046875 0.08333333
0 0.543241361459754 0.292320808601122 0.046875 0.08333333
0 0.436361462165405 0.330182362713775 0.046875 0.08333333
0 0.408543962640215 0.626041925195679 0.046875 0.08333333
0 0.24765625 0.298611111111111 0.046875 0.08333333
0 0.190278264608772 0.509219556315849 0.046875 0.08333333
0 0.16171875 0.379166666666667 0.046875 0.08333333
