0 0.1064730550551 0.413168452100587 0.046875 0.08333333
0 0.17430762642034 0.48912439982765 0.046875 0.08333333
0 0.178964284680944 0.723739106656219 0.046875 0.08333333
0 0.365686868689656 0.575047475345465 0.046875 0.08333333
0 0.576365470246094 0.567340764755431 0.046875 0.08333333
0 0.576154390171344 0.848749577263792 0.046875 0.08333333
0 0.622631213938653 0.41324119785037 0.046875 0.08333333
0 0.724877963039334 0.60049001739214 0.046875 0.08333333
0 0.827068514127223 0.255458506337968 0.046875 0.08333333
0 0.94143872407077 0.753027691241234 0.046875 0.08333333
0 0.979555190589245 0.361475887681301 0.0408896188215104 0.08333333
