0 0.904442135372676 0.342585693154755 0.046875 0.08333333
0 0.883530151302601 0.52581665942359 0.046875 0.08333333
0 0.827367560801741 0.632549185464073 0.046875 0.08333333
0 0.743697508569147 0.450726725845918 0.046875 0.08333333
0 0.675293074064488 0.74971089891249 0.046875 0.08333333
0 0.649977265105104 0.76416624016851 0.046875 0.08333333
0 0.629831808205489 0.643520707462452 0.046875 0.08333333
0 0.645107865317129 0.389682976398221 0.046875 0.08333333
0 0.582603711690641 0.363447949184875 0.046875 0.08333333
0 0.412206324750752 0.772963154646205 0.046875 0.08333333
0 0.393650184900967 0.565884765978789 0.046875 0.08333333
0 0.264774586286172 0.758908419590781 0.046875 0.08333333
0 0.182356969125622 0.561449157503705 0.046875 0.08333333
0 0.053697158207924 0.724814927364954 0.046875 0.08333333
0 0.166197135936308 0.414949937923325 0.046875 0.08333333
