0 0.751203027364895 0.616238691220143 0.046875 0.08333333
0 0.674924629916589 0.65138696775451 0.046875 0.08333333
0 0.701511448232644 0.519674292556554 0.046875 0.08333333
0 0.709866687714137 0.447691009620874 0.046875 0.08333333
0 0.681002515649126 0.324538125357297 0.046875 0.08333333
0 0.538760736340893 0.53534501684003 0.046875 0.08333333
0 0.500151114890584 0.440229376842121 0.046875 0.08333333
0 0.537650253771695 0.318213498267897 0.046875 0.08333333
0 0.463938524298765 0.549380947150013 0.046875 0.08333333
0 0.37990416897674 0.615480649953758 0.046875 0.08333333
0 0.348569568677157 0.388257348539561 0.046875 0.08333333
0 0.30369646726765 0.296205002570515 0.046875 0.08333333
0 0.247928359487532 0.59221372865048 0.046875 0.08333333
0 0.189130603935829 0.432750875393054 0.046875 0.08333333
