0 0.0423684160821009 0.382696226799154 0.046875 0.08333333
0 0.0340129762578816 0.654934487151913 0.046875 0.08333333
0 0.144732397348269 0.725729656157012 0.046875 0.08333333
0 0.187950047347768 0.260934529578403 0.046875 0.08333333
0 0.241204186576554 0.40808203021922 0.046875 0.08333333
0 0.269704863271926 0.684298852011809 0.046875 0.08333333
0 0.442408938172544 0.441316032106779 0.046875 0.08333333
0 0.455545389523277 0.583518493150838 0.046875 0.08333333
0 0.340527370888502 0.29447410050586 0.046875 0.08333333
0 0.534203491741226 0.360861645744155 0.046875 0.08333333
0 0.625330679813787 0.418108054420901 0.046875 0.08333333
0 0.690517771563137 0.519731029686643 0.046875 0.08333333
0 0.785580211650074 0.239361308871993 0.046875 0.08333333
0 0.792122922775843 0.397893788200314 0.046875 0.08333333
0 0.865916416850227 0.551880513319048 0.046875 0.08333333
0 0.954842762858567 0.308302939255852 0.046875 0.08333333
