0 0.894146653846749 0.618774257954739 0.046875 0.08333333
0 0.682361896294233 0.643485484117997 0.046875 0.08333333
0 0.686653840439228 0.646227523542071 0.046875 0.08333333
0 0.710635321407733 0.442852723659449 0.046875 0.08333333
0 0.701040050992386 0.365330331163367 0.046875 0.08333333
0 0.567302152703508 0.575032531255049 0.046875 0.08333333
0 0.432283827702651 0.269421213020611 0.046875 0.08333333
0 0.349652386386129 0.486729362765629 0.046875 0.08333333
0 0.305032973623373 0.316245470593801 0.046875 0.08333333
0 0.142804240651314 0.418050371971707 0.046875 0.08333333
0 0.120231193587376 0.400815920977098 0.046875 0.08333333
