0 0.938162947209949 0.563259451599813 0.046875 0.08333333
0 0.851021938406291 0.694824256751087 0.046875 0.08333333
0 0.783448600254116 0.794932328433813 0.046875 0.08333333
0 0.807017866529308 0.535813981754239 0.046875 0.08333333
0 0.552326261544734 0.483129467201108 0.046875 0.08333333
0 0.640094130689369 0.768290721532295 0.046875 0.08333333
0 0.58162790724636 0.296906657564909 0.046875 0.08333333
0 0.817347414850251 0.414786906402604 0.046875 0.08333333
0 0.390305724102182 0.524394479738698 0.046875 0.08333333
0 0.282990380949275 0.657138010326512 0.046875 0.08333333
0 0.20516706205061 0.506932940674694 0.046875 0.08333333
0 0.347523557409067 0.338452515777789 0.046875 0.08333333
0 0.00880199417586245 0.453006747371438 0.0292710116482751 0.08333333
