0 0.76746274093734 0.683445539523378 0.046875 0.08333333
0 0.741753948491393 0.434400754735708 0.046875 0.08333333
0 0.630483857268328 0.388033772741147 0.046875 0.08333333
0 0.645658647888953 0.498828666033833 0.046875 0.08333333
0 0.535810172188541 0.646785413760309 0.046875 0.08333333
0 0.474386723183958 0.518222079861382 0.046875 0.08333333
0 0.410336660303389 0.711093568352748 0.046875 0.08333333
0 0.358262217790338 0.498432476375885 0.046875 0.08333333
0 0.35703125 0.395833333333333 0.046875 0.08333333
0 0.317064337756035 0.763394865474338 0.046875 0.08333333
0 0.321563851359246 0.808273473130441 0.046875 0.08333333
0 0.171184661325541 0.74470056996239 0.046875 0.08333333
0 0.0806216021281906 0.537936423072326 0.046875 0.08333333
0 0.185398588954899 0.255986196830008 0.046875 0.08333333
0 0.245276722353642 0.315053286935798 0.046875 0.08333333
0 0.0180754289303971 0.745846380620172 0.0107241421392057 0.08333333
