0 0.988999836402523 0.370475632852695 0.0220003271949549 0.08333333
0 0.834144931289115 0.419213902317946 0.046875 0.08333333
0 0.648495197523831 0.635169869086319 0.046875 0.08333333
0 0.675250092036162 0.425021251148189 0.046875 0.08333333
0 0.564903979634454 0.654095384837486 0.046875 0.08333333
0 0.509325910023164 0.277686312484672 0.046875 0.08333333
0 0.439377095016442 0.335795940279993 0.046875 0.08333333
0 0.420529111526335 0.592049589399767 0.046875 0.08333333
0 0.396427996118266 0.158550392045594 0.046875 0.08333333
0 0.127118251282826 0.29378136401195 0.046875 0.08333333
0 0.164401204442478 0.602288189679001 0.046875 0.08333333
0 0.031871118856543 0.621476522358387 0.046875 0.08333333
