0 0.434375 0.5722222222222223 0.0546875 0.09722222222222222
0 0.3625 0.5416666666666667 0.0546875 0.09722222222222222
0 0.228125 0.6861111111111111 0.0546875 0.09722222222222222
0 0.4 0.8694444444444445 0.0546875 0.09722222222222222
0 0.4875 0.7375 0.0546875 0.09722222222222222
0 0.78125 0.5958333333333334 0.0546875 0.09722222222222222
0 0.6046875 0.6833333333333333 0.0546875 0.09722222222222222
0 0.93203125 0.8027777777777778 0.0546875 0.09722222222222222
0 0.06015625 0.6083333333333334 0.0546875 0.09722222222222222
0 0.5125 0.48194444444444445 0.0546875 0.09722222222222222
0 0.975 0.6847222222222222 0.0484375 0.09722222222222222