0 0.43125 0.6888888888888889 0.0546875 0.09722222222222222
0 0.084375 0.7111111111111111 0.0546875 0.09722222222222222
0 0.0625 0.5430555555555556 0.0546875 0.09722222222222222
0 0.3734375 0.5916666666666667 0.0546875 0.09722222222222222
0 0.62421875 0.6444444444444445 0.0546875 0.09722222222222222
0 0.7875 0.6888888888888889 0.0546875 0.09722222222222222
0 0.8765625 0.4666666666666667 0.0546875 0.09722222222222222
0 0.1359375 0.5097222222222223 0.0546875 0.09722222222222222
0 0.4109375 0.5152777777777778 0.0546875 0.09722222222222222
0 0.65546875 0.49444444444444446 0.0546875 0.09722222222222222
0 0.5890625 0.5416666666666667 0.0546875 0.09722222222222222
0 0.84453125 0.5833333333333334 0.0546875 0.09722222222222222
0 0.92734375 0.5208333333333334 0.0546875 0.09722222222222222