0 0.3296875 0.5388888888888889 0.0546875 0.09722222222222222
0 0.4703125 0.4527777777777778 0.0546875 0.09722222222222222
0 0.753125 0.39999999999999997 0.0546875 0.09722222222222222
0 0.740625 0.6458333333333334 0.0546875 0.09722222222222222
0 0.9484375 0.638888888888889 0.0546875 0.09722222222222222
0 0.40625 0.9486111111111112 0.0546875 0.09722222222222222
0 0.4515625 0.6000000000000001 0.0546875 0.09722222222222222
0 0.184375 0.6152777777777778 0.0546875 0.09722222222222222
0 0.175 0.41944444444444445 0.0546875 0.09722222222222222
0 0.0515625 0.5805555555555556 0.0546875 0.09722222222222222
0 0.5890625 0.75 0.0546875 0.09722222222222222
0 0.621875 0.40694444444444444 0.0546875 0.09722222222222222