0 0.43203125 0.5722222222222223 0.0546875 0.09722222222222222
0 0.3578125 0.5388888888888889 0.0546875 0.09722222222222222
0 0.5140625 0.4875 0.0546875 0.09722222222222222
0 0.61015625 0.675 0.0546875 0.09722222222222222
0 0.48984375 0.7291666666666667 0.0546875 0.09722222222222222
0 0.23125 0.675 0.0546875 0.09722222222222222
0 0.06171875 0.6166666666666667 0.0546875 0.09722222222222222
0 0.3984375 0.8638888888888889 0.0546875 0.09722222222222222
0 0.78359375 0.601388888888889 0.0546875 0.09722222222222222
0 0.928125 0.6055555555555556 0.0546875 0.09722222222222222
0 0.74453125 0.7902777777777779 0.0546875 0.09722222222222222