0 0.16640625 0.5833333333333334 0.0546875 0.09722222222222222
0 0.5609375 0.6152777777777778 0.0546875 0.09722222222222222
0 0.346875 0.6611111111111112 0.0546875 0.09722222222222222
0 0.3546875 0.4597222222222222 0.0546875 0.09722222222222222
0 0.5171875 0.4861111111111111 0.0546875 0.09722222222222222
0 0.784375 0.7652777777777778 0.0546875 0.09722222222222222
0 0.9234375 0.6527777777777778 0.0546875 0.09722222222222222
0 0.909375 0.44305555555555554 0.0546875 0.09722222222222222
0 0.75390625 0.4861111111111111 0.0546875 0.09722222222222222
0 0.59296875 0.4888888888888889 0.0546875 0.09722222222222222
0 0.40234375 0.5555555555555556 0.0546875 0.09722222222222222