0 0.3609375 0.5430555555555556 0.0546875 0.09722222222222222
0 0.23046875 0.675 0.0546875 0.09722222222222222
0 0.43125 0.5652777777777779 0.0546875 0.09722222222222222
0 0.60703125 0.6791666666666667 0.0546875 0.09722222222222222
0 0.7859375 0.5944444444444444 0.0546875 0.09722222222222222
0 0.746875 0.7916666666666667 0.0546875 0.09722222222222222
0 0.4 0.8722222222222222 0.0546875 0.09722222222222222
0 0.4875 0.7375 0.0546875 0.09722222222222222
0 0.0640625 0.6069444444444445 0.0546875 0.09722222222222222
0 0.51484375 0.48333333333333334 0.0546875 0.09722222222222222
0 0.9375 0.8083333333333333 0.0546875 0.09722222222222222