0 0.3265625 0.5333333333333333 0.0546875 0.09722222222222222
0 0.4546875 0.6055555555555556 0.0546875 0.09722222222222222
0 0.7390625 0.6555555555555556 0.0546875 0.09722222222222222
0 0.42421875 0.8833333333333334 0.0546875 0.09722222222222222
0 0.184375 0.41805555555555557 0.0546875 0.09722222222222222
0 0.05 0.5777777777777778 0.0546875 0.09722222222222222
0 0.4640625 0.4611111111111111 0.0546875 0.09722222222222222
0 0.62421875 0.4111111111111111 0.0546875 0.09722222222222222
0 0.7546875 0.39999999999999997 0.0546875 0.09722222222222222
0 0.5921875 0.7472222222222222 0.0546875 0.09722222222222222
0 0.18125 0.6111111111111112 0.0546875 0.09722222222222222
0 0.95 0.638888888888889 0.0546875 0.09722222222222222