0 0.5046875 0.5680555555555556 0.0546875 0.09722222222222222
0 0.4609375 0.4166666666666667 0.0546875 0.09722222222222222
0 0.6828125 0.5305555555555556 0.0546875 0.09722222222222222
0 0.7625 0.6916666666666668 0.0546875 0.09722222222222222
0 0.44375 0.6930555555555556 0.0546875 0.09722222222222222
0 0.43046875 0.5652777777777779 0.0546875 0.09722222222222222
0 0.1859375 0.4305555555555555 0.0546875 0.09722222222222222
0 0.19296875 0.5291666666666667 0.0546875 0.09722222222222222
0 0.29296875 0.4583333333333333 0.0546875 0.09722222222222222
0 0.184375 0.7138888888888889 0.0546875 0.09722222222222222
0 0.8765625 0.5166666666666667 0.0546875 0.09722222222222222