0 0.976953125 0.701388888888889 0.04453125 0.09722222222222222
0 0.93203125 0.5972222222222223 0.0546875 0.09722222222222222
0 0.94140625 0.8208333333333334 0.0546875 0.09722222222222222
0 0.78671875 0.6000000000000001 0.0546875 0.09722222222222222
0 0.74609375 0.49027777777777776 0.0546875 0.09722222222222222
0 0.75703125 0.8013888888888889 0.0546875 0.09722222222222222
0 0.60625 0.6694444444444445 0.0546875 0.09722222222222222
0 0.54921875 0.6875 0.0546875 0.09722222222222222
0 0.51171875 0.47638888888888886 0.0546875 0.09722222222222222
0 0.42578125 0.5541666666666667 0.0546875 0.09722222222222222
0 0.4875 0.7305555555555556 0.0546875 0.09722222222222222
0 0.36015625 0.5291666666666667 0.0546875 0.09722222222222222
0 0.4015625 0.8652777777777778 0.0546875 0.09722222222222222
0 0.22734375 0.663888888888889 0.0546875 0.09722222222222222
0 0.2 0.8375 0.0546875 0.09722222222222222
0 0.05859375 0.6194444444444445 0.0546875 0.09722222222222222
0 0.0703125 0.7875000000000001 0.0546875 0.09722222222222222