0 0.090625 0.7208333333333334 0.0546875 0.09722222222222222
0 0.05546875 0.5430555555555556 0.0546875 0.09722222222222222
0 0.14296875 0.49444444444444446 0.0546875 0.09722222222222222
0 0.31796875 0.6208333333333333 0.0546875 0.09722222222222222
0 0.375 0.5916666666666667 0.0546875 0.09722222222222222
0 0.425 0.7000000000000001 0.0546875 0.09722222222222222
0 0.62265625 0.6486111111111111 0.0546875 0.09722222222222222
0 0.58984375 0.5430555555555556 0.0546875 0.09722222222222222
0 0.65546875 0.49166666666666664 0.0546875 0.09722222222222222
0 0.78828125 0.6986111111111112 0.0546875 0.09722222222222222
0 0.84453125 0.5791666666666667 0.0546875 0.09722222222222222
0 0.87890625 0.4652777777777778 0.0546875 0.09722222222222222
0 0.93125 0.5263888888888889 0.0546875 0.09722222222222222
0 0.9125 0.7222222222222223 0.0546875 0.09722222222222222