0 0.91953125 0.6402777777777778 0.0546875 0.09722222222222222
0 0.91796875 0.43472222222222223 0.0546875 0.09722222222222222
0 0.82109375 0.5986111111111112 0.0546875 0.09722222222222222
0 0.75546875 0.4847222222222222 0.0546875 0.09722222222222222
0 0.78359375 0.7569444444444445 0.0546875 0.09722222222222222
0 0.67890625 0.5333333333333333 0.0546875 0.09722222222222222
0 0.59921875 0.48194444444444445 0.0546875 0.09722222222222222
0 0.56015625 0.6222222222222222 0.0546875 0.09722222222222222
0 0.51328125 0.48194444444444445 0.0546875 0.09722222222222222
0 0.39140625 0.6625000000000001 0.0546875 0.09722222222222222
0 0.3484375 0.6680555555555556 0.0546875 0.09722222222222222
0 0.38515625 0.5236111111111111 0.0546875 0.09722222222222222
0 0.35859375 0.45555555555555555 0.0546875 0.09722222222222222
0 0.16796875 0.5847222222222223 0.0546875 0.09722222222222222