0 0.90625 0.7138888888888889 0.0546875 0.09722222222222222
0 0.92890625 0.5333333333333333 0.0546875 0.09722222222222222
0 0.87578125 0.46944444444444444 0.0546875 0.09722222222222222
0 0.84765625 0.5916666666666667 0.0546875 0.09722222222222222
0 0.78671875 0.6986111111111112 0.0546875 0.09722222222222222
0 0.621875 0.6375000000000001 0.0546875 0.09722222222222222
0 0.65625 0.49583333333333335 0.0546875 0.09722222222222222
0 0.43046875 0.7041666666666667 0.0546875 0.09722222222222222
0 0.37421875 0.5847222222222223 0.0546875 0.09722222222222222
0 0.31484375 0.6069444444444445 0.0546875 0.09722222222222222
0 0.13828125 0.4875 0.0546875 0.09722222222222222
0 0.06171875 0.5402777777777777 0.0546875 0.09722222222222222
0 0.0796875 0.726388888888889 0.0546875 0.09722222222222222