0 0.0765625 0.7097222222222223 0.0546875 0.09722222222222222
0 0.05703125 0.5375 0.0546875 0.09722222222222222
0 0.13671875 0.49722222222222223 0.0546875 0.09722222222222222
0 0.31640625 0.6236111111111111 0.0546875 0.09722222222222222
0 0.37109375 0.5902777777777778 0.0546875 0.09722222222222222
0 0.42734375 0.6958333333333334 0.0546875 0.09722222222222222
0 0.62578125 0.6402777777777778 0.0546875 0.09722222222222222
0 0.6578125 0.49027777777777776 0.0546875 0.09722222222222222
0 0.78984375 0.701388888888889 0.0546875 0.09722222222222222
0 0.846875 0.5722222222222223 0.0546875 0.09722222222222222
0 0.871875 0.45694444444444443 0.0546875 0.09722222222222222
0 0.9375 0.5319444444444444 0.0546875 0.09722222222222222