0 0.928125 0.6527777777777778 0.0546875 0.09722222222222222
0 0.9109375 0.42777777777777776 0.0546875 0.09722222222222222
0 0.81875 0.6027777777777779 0.0546875 0.09722222222222222
0 0.78984375 0.7763888888888889 0.0546875 0.09722222222222222
0 0.7578125 0.4791666666666667 0.0546875 0.09722222222222222
0 0.68203125 0.5361111111111111 0.0546875 0.09722222222222222
0 0.56640625 0.6263888888888889 0.0546875 0.09722222222222222
0 0.6 0.4847222222222222 0.0546875 0.09722222222222222
0 0.5171875 0.48194444444444445 0.0546875 0.09722222222222222
0 0.39140625 0.6569444444444444 0.0546875 0.09722222222222222
0 0.3828125 0.5416666666666667 0.0546875 0.09722222222222222
0 0.35546875 0.46249999999999997 0.0546875 0.09722222222222222
0 0.3453125 0.6680555555555556 0.0546875 0.09722222222222222
0 0.16796875 0.5791666666666667 0.0546875 0.09722222222222222