0 0.88671875 0.4736111111111111 0.0546875 0.09722222222222222
0 0.81796875 0.5222222222222223 0.0546875 0.09722222222222222
0 0.83515625 0.701388888888889 0.0546875 0.09722222222222222
0 0.67265625 0.5916666666666667 0.0546875 0.09722222222222222
0 0.58984375 0.5611111111111111 0.0546875 0.09722222222222222
0 0.47421875 0.5333333333333333 0.0546875 0.09722222222222222
0 0.44140625 0.4722222222222222 0.0546875 0.09722222222222222
0 0.24609375 0.5902777777777778 0.0546875 0.09722222222222222
0 0.22890625 0.37916666666666665 0.0546875 0.09722222222222222
0 0.12109375 0.5458333333333334 0.0546875 0.09722222222222222
0 0.12734375 0.7069444444444445 0.0546875 0.09722222222222222
0 0.06484375 0.42083333333333334 0.0546875 0.09722222222222222