0 0.88515625 0.46805555555555556 0.0546875 0.09722222222222222
0 0.81171875 0.5125000000000001 0.0546875 0.09722222222222222
0 0.83203125 0.6958333333333334 0.0546875 0.09722222222222222
0 0.66875 0.5972222222222223 0.0546875 0.09722222222222222
0 0.58984375 0.5638888888888889 0.0546875 0.09722222222222222
0 0.478125 0.5416666666666667 0.0546875 0.09722222222222222
0 0.43984375 0.4652777777777778 0.0546875 0.09722222222222222
0 0.2296875 0.3958333333333333 0.0546875 0.09722222222222222
0 0.2453125 0.5930555555555556 0.0546875 0.09722222222222222
0 0.12109375 0.5347222222222222 0.0546875 0.09722222222222222
0 0.06171875 0.42777777777777776 0.0546875 0.09722222222222222
0 0.13125 0.7069444444444445 0.0546875 0.09722222222222222