0 0.91796875 0.6472222222222223 0.0546875 0.09722222222222222
0 0.91484375 0.44305555555555554 0.0546875 0.09722222222222222
0 0.8078125 0.6138888888888889 0.0546875 0.09722222222222222
0 0.75078125 0.4791666666666667 0.0546875 0.09722222222222222
0 0.67890625 0.5416666666666667 0.0546875 0.09722222222222222
0 0.596875 0.48194444444444445 0.0546875 0.09722222222222222
0 0.56171875 0.625 0.0546875 0.09722222222222222
0 0.5171875 0.4875 0.0546875 0.09722222222222222
0 0.3859375 0.5263888888888889 0.0546875 0.09722222222222222
0 0.38515625 0.6625000000000001 0.0546875 0.09722222222222222
0 0.34453125 0.6569444444444444 0.0546875 0.09722222222222222
0 0.35703125 0.45694444444444443 0.0546875 0.09722222222222222
0 0.16640625 0.5819444444444445 0.0546875 0.09722222222222222