0 0.83046875 0.6986111111111112 0.0546875 0.09722222222222222
0 0.8828125 0.46805555555555556 0.0546875 0.09722222222222222
0 0.81484375 0.525 0.0546875 0.09722222222222222
0 0.665625 0.6097222222222223 0.0546875 0.09722222222222222
0 0.59140625 0.576388888888889 0.0546875 0.09722222222222222
0 0.63671875 0.4513888888888889 0.0546875 0.09722222222222222
0 0.478125 0.5430555555555556 0.0546875 0.09722222222222222
0 0.4375 0.4722222222222222 0.0546875 0.09722222222222222
0 0.2484375 0.5972222222222223 0.0546875 0.09722222222222222
0 0.22890625 0.3861111111111111 0.0546875 0.09722222222222222
0 0.121875 0.5513888888888889 0.0546875 0.09722222222222222
0 0.1328125 0.7083333333333334 0.0546875 0.09722222222222222
0 0.065625 0.42777777777777776 0.0546875 0.09722222222222222