0 0.12734375 0.5597222222222222 0.0546875 0.09722222222222222
0 0.24296875 0.5888888888888889 0.0546875 0.09722222222222222
0 0.13671875 0.7055555555555556 0.0546875 0.09722222222222222
0 0.06953125 0.425 0.0546875 0.09722222222222222
0 0.23203125 0.3819444444444444 0.0546875 0.09722222222222222
0 0.43984375 0.4736111111111111 0.0546875 0.09722222222222222
0 0.48046875 0.5458333333333334 0.0546875 0.09722222222222222
0 0.58828125 0.5638888888888889 0.0546875 0.09722222222222222
0 0.67578125 0.5986111111111112 0.0546875 0.09722222222222222
0 0.63125 0.45416666666666666 0.0546875 0.09722222222222222
0 0.8171875 0.5069444444444444 0.0546875 0.09722222222222222
0 0.83203125 0.6944444444444445 0.0546875 0.09722222222222222
0 0.88515625 0.46805555555555556 0.0546875 0.09722222222222222