0 0.8875 0.4708333333333333 0.0546875 0.09722222222222222
0 0.83046875 0.6958333333333334 0.0546875 0.09722222222222222
0 0.8203125 0.5208333333333334 0.0546875 0.09722222222222222
0 0.66484375 0.6027777777777779 0.0546875 0.09722222222222222
0 0.58828125 0.5680555555555556 0.0546875 0.09722222222222222
0 0.6328125 0.4583333333333333 0.0546875 0.09722222222222222
0 0.47421875 0.5430555555555556 0.0546875 0.09722222222222222
0 0.4375 0.4791666666666667 0.0546875 0.09722222222222222
0 0.38046875 0.5083333333333333 0.0546875 0.09722222222222222
0 0.2484375 0.5916666666666667 0.0546875 0.09722222222222222
0 0.23046875 0.3888888888888889 0.0546875 0.09722222222222222
0 0.1203125 0.5527777777777778 0.0546875 0.09722222222222222
0 0.06328125 0.43194444444444446 0.0546875 0.09722222222222222
0 0.13203125 0.7055555555555556 0.0546875 0.09722222222222222