0 0.9171875 0.4375 0.0546875 0.09722222222222222
0 0.92421875 0.6458333333333334 0.0546875 0.09722222222222222
0 0.81328125 0.5888888888888889 0.0546875 0.09722222222222222
0 0.75703125 0.47638888888888886 0.0546875 0.09722222222222222
0 0.67734375 0.525 0.0546875 0.09722222222222222
0 0.56796875 0.6180555555555556 0.0546875 0.09722222222222222
0 0.59609375 0.4847222222222222 0.0546875 0.09722222222222222
0 0.515625 0.475 0.0546875 0.09722222222222222
0 0.38359375 0.6583333333333334 0.0546875 0.09722222222222222
0 0.35703125 0.46249999999999997 0.0546875 0.09722222222222222
0 0.34609375 0.6652777777777779 0.0546875 0.09722222222222222
0 0.16328125 0.5694444444444445 0.0546875 0.09722222222222222