0 0.83125 0.6888888888888889 0.0546875 0.09722222222222222
0 0.88046875 0.46249999999999997 0.0546875 0.09722222222222222
0 0.81484375 0.5208333333333334 0.0546875 0.09722222222222222
0 0.66796875 0.6138888888888889 0.0546875 0.09722222222222222
0 0.63203125 0.4597222222222222 0.0546875 0.09722222222222222
0 0.590625 0.5819444444444445 0.0546875 0.09722222222222222
0 0.47578125 0.5513888888888889 0.0546875 0.09722222222222222
0 0.43671875 0.48194444444444445 0.0546875 0.09722222222222222
0 0.24921875 0.5944444444444444 0.0546875 0.09722222222222222
0 0.22578125 0.3986111111111111 0.0546875 0.09722222222222222
0 0.11796875 0.5527777777777778 0.0546875 0.09722222222222222
0 0.128125 0.7152777777777778 0.0546875 0.09722222222222222
0 0.0640625 0.43194444444444446 0.0546875 0.09722222222222222