0 0.91328125 0.7125 0.0546875 0.09722222222222222
0 0.93203125 0.5111111111111112 0.0546875 0.09722222222222222
0 0.87265625 0.45 0.0546875 0.09722222222222222
0 0.84921875 0.5819444444444445 0.0546875 0.09722222222222222
0 0.78203125 0.6930555555555556 0.0546875 0.09722222222222222
0 0.62578125 0.6430555555555556 0.0546875 0.09722222222222222
0 0.37265625 0.5861111111111111 0.0546875 0.09722222222222222
0 0.43203125 0.6916666666666668 0.0546875 0.09722222222222222
0 0.14296875 0.4875 0.0546875 0.09722222222222222
0 0.0546875 0.5402777777777777 0.0546875 0.09722222222222222
0 0.08515625 0.7166666666666667 0.0546875 0.09722222222222222