0 0.884375 0.47777777777777775 0.0546875 0.09722222222222222
0 0.81171875 0.5222222222222223 0.0546875 0.09722222222222222
0 0.83359375 0.6902777777777779 0.0546875 0.09722222222222222
0 0.66953125 0.6041666666666667 0.0546875 0.09722222222222222
0 0.63515625 0.44305555555555554 0.0546875 0.09722222222222222
0 0.59296875 0.5666666666666668 0.0546875 0.09722222222222222
0 0.47890625 0.5388888888888889 0.0546875 0.09722222222222222
0 0.43359375 0.47638888888888886 0.0546875 0.09722222222222222
0 0.2328125 0.3958333333333333 0.0546875 0.09722222222222222
0 0.24609375 0.5930555555555556 0.0546875 0.09722222222222222
0 0.12265625 0.5388888888888889 0.0546875 0.09722222222222222
0 0.06640625 0.4222222222222222 0.0546875 0.09722222222222222
0 0.13046875 0.7027777777777778 0.0546875 0.09722222222222222