0 0.978125 0.6902777777777779 0.0421875 0.09722222222222222
0 0.93359375 0.6041666666666667 0.0546875 0.09722222222222222
0 0.93515625 0.8125 0.0546875 0.09722222222222222
0 0.7875 0.6041666666666667 0.0546875 0.09722222222222222
0 0.746875 0.7944444444444445 0.0546875 0.09722222222222222
0 0.7421875 0.48194444444444445 0.0546875 0.09722222222222222
0 0.61171875 0.6597222222222223 0.0546875 0.09722222222222222
0 0.5546875 0.6875 0.0546875 0.09722222222222222
0 0.490625 0.7375 0.0546875 0.09722222222222222
0 0.43046875 0.5652777777777779 0.0546875 0.09722222222222222
0 0.36171875 0.5430555555555556 0.0546875 0.09722222222222222
0 0.51953125 0.49027777777777776 0.0546875 0.09722222222222222
0 0.40078125 0.8680555555555556 0.0546875 0.09722222222222222
0 0.22421875 0.6763888888888889 0.0546875 0.09722222222222222
0 0.05859375 0.6194444444444445 0.0546875 0.09722222222222222
0 0.06953125 0.7791666666666667 0.0546875 0.09722222222222222