0 0.93515625 0.5125000000000001 0.0546875 0.09722222222222222
0 0.87890625 0.4486111111111111 0.0546875 0.09722222222222222
0 0.84296875 0.5861111111111111 0.0546875 0.09722222222222222
0 0.91171875 0.7194444444444444 0.0546875 0.09722222222222222
0 0.77578125 0.6902777777777779 0.0546875 0.09722222222222222
0 0.61953125 0.6402777777777778 0.0546875 0.09722222222222222
0 0.653125 0.48333333333333334 0.0546875 0.09722222222222222
0 0.37421875 0.5819444444444445 0.0546875 0.09722222222222222
0 0.4296875 0.6986111111111112 0.0546875 0.09722222222222222
0 0.0578125 0.5430555555555556 0.0546875 0.09722222222222222
0 0.08359375 0.7208333333333334 0.0546875 0.09722222222222222