0 0.91953125 0.43194444444444446 0.0546875 0.09722222222222222
0 0.92109375 0.6416666666666667 0.0546875 0.09722222222222222
0 0.815625 0.6069444444444445 0.0546875 0.09722222222222222
0 0.74453125 0.4847222222222222 0.0546875 0.09722222222222222
0 0.67890625 0.5319444444444444 0.0546875 0.09722222222222222
0 0.59296875 0.4875 0.0546875 0.09722222222222222
0 0.5640625 0.6236111111111111 0.0546875 0.09722222222222222
0 0.3890625 0.6402777777777778 0.0546875 0.09722222222222222
0 0.515625 0.48333333333333334 0.0546875 0.09722222222222222
0 0.38671875 0.5194444444444445 0.0546875 0.09722222222222222
0 0.35078125 0.6763888888888889 0.0546875 0.09722222222222222
0 0.35703125 0.4638888888888889 0.0546875 0.09722222222222222
0 0.16328125 0.5736111111111112 0.0546875 0.09722222222222222