0 0.9109375 0.7180555555555556 0.0546875 0.09722222222222222
0 0.93046875 0.5111111111111112 0.0546875 0.09722222222222222
0 0.8734375 0.4611111111111111 0.0546875 0.09722222222222222
0 0.84453125 0.5875 0.0546875 0.09722222222222222
0 0.7875 0.6972222222222223 0.0546875 0.09722222222222222
0 0.65546875 0.49722222222222223 0.0546875 0.09722222222222222
0 0.62421875 0.6444444444444445 0.0546875 0.09722222222222222
0 0.4296875 0.6972222222222223 0.0546875 0.09722222222222222
0 0.3703125 0.5847222222222223 0.0546875 0.09722222222222222
0 0.08359375 0.701388888888889 0.0546875 0.09722222222222222
0 0.0609375 0.5375 0.0546875 0.09722222222222222
0 0.1390625 0.48055555555555557 0.0546875 0.09722222222222222