0 0.8859375 0.46805555555555556 0.0546875 0.09722222222222222
0 0.83359375 0.7000000000000001 0.0546875 0.09722222222222222
0 0.815625 0.5055555555555555 0.0546875 0.09722222222222222
0 0.67265625 0.6000000000000001 0.0546875 0.09722222222222222
0 0.6359375 0.45694444444444443 0.0546875 0.09722222222222222
0 0.58671875 0.5625 0.0546875 0.09722222222222222
0 0.48046875 0.5347222222222222 0.0546875 0.09722222222222222
0 0.4375 0.47638888888888886 0.0546875 0.09722222222222222
0 0.22734375 0.39166666666666666 0.0546875 0.09722222222222222
0 0.2453125 0.5902777777777778 0.0546875 0.09722222222222222
0 0.11953125 0.5347222222222222 0.0546875 0.09722222222222222
0 0.06015625 0.42083333333333334 0.0546875 0.09722222222222222
0 0.13203125 0.7041666666666667 0.0546875 0.09722222222222222