0 0.93203125 0.5208333333333334 0.0546875 0.09722222222222222
0 0.846875 0.5819444444444445 0.0546875 0.09722222222222222
0 0.88359375 0.46805555555555556 0.0546875 0.09722222222222222
0 0.7875 0.6972222222222223 0.0546875 0.09722222222222222
0 0.62265625 0.6430555555555556 0.0546875 0.09722222222222222
0 0.6515625 0.4930555555555555 0.0546875 0.09722222222222222
0 0.42890625 0.6986111111111112 0.0546875 0.09722222222222222
0 0.378125 0.5888888888888889 0.0546875 0.09722222222222222
0 0.084375 0.7208333333333334 0.0546875 0.09722222222222222
0 0.05703125 0.55 0.0546875 0.09722222222222222
0 0.13984375 0.49444444444444446 0.0546875 0.09722222222222222