0 0.92109375 0.6347222222222223 0.0546875 0.09722222222222222
0 0.91015625 0.4305555555555555 0.0546875 0.09722222222222222
0 0.81015625 0.6180555555555556 0.0546875 0.09722222222222222
0 0.78984375 0.7875000000000001 0.0546875 0.09722222222222222
0 0.7546875 0.48194444444444445 0.0546875 0.09722222222222222
0 0.56171875 0.625 0.0546875 0.09722222222222222
0 0.59609375 0.4930555555555555 0.0546875 0.09722222222222222
0 0.51640625 0.4875 0.0546875 0.09722222222222222
0 0.39140625 0.6569444444444444 0.0546875 0.09722222222222222
0 0.33984375 0.6652777777777779 0.0546875 0.09722222222222222
0 0.38828125 0.5347222222222222 0.0546875 0.09722222222222222
0 0.35703125 0.4652777777777778 0.0546875 0.09722222222222222
0 0.16328125 0.5944444444444444 0.0546875 0.09722222222222222