0 0.93515625 0.5152777777777778 0.0546875 0.09722222222222222
0 0.9109375 0.7125 0.0546875 0.09722222222222222
0 0.87890625 0.46249999999999997 0.0546875 0.09722222222222222
0 0.84453125 0.5847222222222223 0.0546875 0.09722222222222222
0 0.78203125 0.7041666666666667 0.0546875 0.09722222222222222
0 0.61953125 0.638888888888889 0.0546875 0.09722222222222222
0 0.36953125 0.5902777777777778 0.0546875 0.09722222222222222
0 0.4328125 0.6972222222222223 0.0546875 0.09722222222222222
0 0.1421875 0.4875 0.0546875 0.09722222222222222
0 0.0578125 0.5430555555555556 0.0546875 0.09722222222222222
0 0.0828125 0.7125 0.0546875 0.09722222222222222