0 0.921875 0.6402777777777778 0.0546875 0.09722222222222222
0 0.91796875 0.43472222222222223 0.0546875 0.09722222222222222
0 0.8078125 0.6180555555555556 0.0546875 0.09722222222222222
0 0.79765625 0.7791666666666667 0.0546875 0.09722222222222222
0 0.75390625 0.48194444444444445 0.0546875 0.09722222222222222
0 0.68359375 0.5319444444444444 0.0546875 0.09722222222222222
0 0.59609375 0.4791666666666667 0.0546875 0.09722222222222222
0 0.56328125 0.6333333333333334 0.0546875 0.09722222222222222
0 0.51796875 0.4847222222222222 0.0546875 0.09722222222222222
0 0.38359375 0.5236111111111111 0.0546875 0.09722222222222222
0 0.35390625 0.4597222222222222 0.0546875 0.09722222222222222
0 0.34375 0.663888888888889 0.0546875 0.09722222222222222
0 0.39140625 0.6597222222222223 0.0546875 0.09722222222222222
0 0.1703125 0.5805555555555556 0.0546875 0.09722222222222222