0 0.92421875 0.6486111111111111 0.0546875 0.09722222222222222
0 0.91640625 0.4305555555555555 0.0546875 0.09722222222222222
0 0.8109375 0.6055555555555556 0.0546875 0.09722222222222222
0 0.75390625 0.4791666666666667 0.0546875 0.09722222222222222
0 0.6828125 0.5416666666666667 0.0546875 0.09722222222222222
0 0.56015625 0.625 0.0546875 0.09722222222222222
0 0.59921875 0.4791666666666667 0.0546875 0.09722222222222222
0 0.51171875 0.4861111111111111 0.0546875 0.09722222222222222
0 0.3921875 0.65 0.0546875 0.09722222222222222
0 0.346875 0.6652777777777779 0.0546875 0.09722222222222222
0 0.3890625 0.5319444444444444 0.0546875 0.09722222222222222
0 0.35859375 0.4666666666666667 0.0546875 0.09722222222222222
0 0.16796875 0.5750000000000001 0.0546875 0.09722222222222222