0 0.91328125 0.44027777777777777 0.0546875 0.09722222222222222
0 0.928125 0.6430555555555556 0.0546875 0.09722222222222222
0 0.81171875 0.5930555555555556 0.0546875 0.09722222222222222
0 0.79921875 0.763888888888889 0.0546875 0.09722222222222222
0 0.74609375 0.475 0.0546875 0.09722222222222222
0 0.66953125 0.5263888888888889 0.0546875 0.09722222222222222
0 0.59453125 0.475 0.0546875 0.09722222222222222
0 0.56796875 0.6125 0.0546875 0.09722222222222222
0 0.51640625 0.4847222222222222 0.0546875 0.09722222222222222
0 0.3796875 0.6569444444444444 0.0546875 0.09722222222222222
0 0.33828125 0.663888888888889 0.0546875 0.09722222222222222
0 0.35390625 0.4666666666666667 0.0546875 0.09722222222222222
0 0.16328125 0.5750000000000001 0.0546875 0.09722222222222222