0 0.982421875 0.5694444444444445 0.03359375 0.09722222222222222
0 0.93046875 0.6097222222222223 0.0546875 0.09722222222222222
0 0.981640625 0.6875 0.03515625 0.09722222222222222
0 0.93828125 0.8097222222222222 0.0546875 0.09722222222222222
0 0.78046875 0.5916666666666667 0.0546875 0.09722222222222222
0 0.75 0.7958333333333334 0.0546875 0.09722222222222222
0 0.6125 0.675 0.0546875 0.09722222222222222
0 0.74140625 0.4847222222222222 0.0546875 0.09722222222222222
0 0.50859375 0.4652777777777778 0.0546875 0.09722222222222222
0 0.55546875 0.6958333333333334 0.0546875 0.09722222222222222
0 0.48671875 0.7319444444444445 0.0546875 0.09722222222222222
0 0.403125 0.8625 0.0546875 0.09722222222222222
0 0.4296875 0.5583333333333333 0.0546875 0.09722222222222222
0 0.35859375 0.5430555555555556 0.0546875 0.09722222222222222
0 0.22890625 0.6736111111111112 0.0546875 0.09722222222222222
0 0.20234375 0.8319444444444445 0.0546875 0.09722222222222222
0 0.05859375 0.6166666666666667 0.0546875 0.09722222222222222
0 0.016015625 0.5513888888888889 0.03046875 0.09722222222222222
0 0.0734375 0.8041666666666667 0.0546875 0.09722222222222222