0 0.06796875 0.4263888888888889 0.0546875 0.09722222222222222
0 0.11875 0.5597222222222222 0.0546875 0.09722222222222222
0 0.13046875 0.7111111111111111 0.0546875 0.09722222222222222
0 0.24453125 0.601388888888889 0.0546875 0.09722222222222222
0 0.23828125 0.3833333333333333 0.0546875 0.09722222222222222
0 0.434375 0.4791666666666667 0.0546875 0.09722222222222222
0 0.4765625 0.5486111111111112 0.0546875 0.09722222222222222
0 0.59140625 0.5597222222222222 0.0546875 0.09722222222222222
0 0.66875 0.6083333333333334 0.0546875 0.09722222222222222
0 0.63515625 0.4513888888888889 0.0546875 0.09722222222222222
0 0.68671875 0.7138888888888889 0.0546875 0.09722222222222222
0 0.828125 0.7027777777777778 0.0546875 0.09722222222222222
0 0.81796875 0.5180555555555556 0.0546875 0.09722222222222222
0 0.88515625 0.4736111111111111 0.0546875 0.09722222222222222