0 0.93046875 0.5208333333333334 0.0546875 0.09722222222222222
0 0.87890625 0.4722222222222222 0.0546875 0.09722222222222222
0 0.84765625 0.5819444444444445 0.0546875 0.09722222222222222
0 0.7859375 0.6930555555555556 0.0546875 0.09722222222222222
0 0.65703125 0.4861111111111111 0.0546875 0.09722222222222222
0 0.62109375 0.6347222222222223 0.0546875 0.09722222222222222
0 0.59140625 0.5375 0.0546875 0.09722222222222222
0 0.42734375 0.6944444444444445 0.0546875 0.09722222222222222
0 0.3734375 0.5875 0.0546875 0.09722222222222222
0 0.08203125 0.701388888888889 0.0546875 0.09722222222222222
0 0.05546875 0.5375 0.0546875 0.09722222222222222
0 0.1359375 0.49166666666666664 0.0546875 0.09722222222222222