0 0.172266 0.533333 0.030469 0.066667
0 0.189063 0.714583 0.028125 0.068056
0 0.188281 0.432639 0.028125 0.076389
0 0.310937 0.294444 0.029687 0.055556
0 0.458594 0.423611 0.040625 0.061111
0 0.427734 0.570833 0.028906 0.069444
0 0.449219 0.693056 0.029687 0.063889
0 0.682813 0.538889 0.032812 0.063889
0 0.767187 0.690278 0.029687 0.069444
0 0.507813 0.574306 0.029687 0.054167
0 0.292969 0.459028 0.026563 0.054167
0 0.898438 0.734028 0.029687 0.098611
0 0.878906 0.502778 0.039063 0.086111
0 0.078906 0.686111 0.048437 0.088889
