0 0.138281 0.497222 0.018750 0.075000
0 0.082031 0.714583 0.025000 0.048611
0 0.058594 0.541667 0.025000 0.088889
0 0.429688 0.690972 0.034375 0.068056
0 0.373047 0.586806 0.036719 0.051389
0 0.413281 0.514583 0.029687 0.062500
0 0.656641 0.493750 0.030469 0.062500
0 0.624609 0.647222 0.039844 0.075000
0 0.847656 0.586806 0.035937 0.068056
0 0.882422 0.464583 0.036719 0.076389
0 0.971875 0.481944 0.034375 0.052778
0 0.787109 0.702778 0.036719 0.072222
0 0.593359 0.535417 0.028906 0.059722
0 0.938672 0.534028 0.025781 0.073611
0 0.312500 0.618056 0.026563 0.075000
