0 0.172656 0.572222 0.032812 0.091667
0 0.020703 0.654167 0.036719 0.072222
0 0.022656 0.471528 0.029687 0.081944
0 0.357422 0.481250 0.033594 0.073611
0 0.346875 0.664583 0.031250 0.062500
0 0.533984 0.477083 0.036719 0.051389
0 0.557031 0.619444 0.028125 0.063889
0 0.754297 0.483333 0.039844 0.069444
0 0.712891 0.620833 0.038281 0.075000
0 0.926172 0.653472 0.044531 0.098611
0 0.908984 0.440278 0.038281 0.097222
0 0.811719 0.602778 0.039063 0.072222
0 0.782812 0.772917 0.037500 0.079167
0 0.596484 0.488889 0.030469 0.075000
0 0.671094 0.527083 0.034375 0.073611
