0 0.058203 0.610417 0.036719 0.101389
0 0.069141 0.809028 0.041406 0.076389
0 0.231250 0.674306 0.039063 0.106944
0 0.401953 0.872917 0.050781 0.073611
0 0.356250 0.551389 0.031250 0.080556
0 0.432813 0.570833 0.029687 0.072222
0 0.493359 0.738889 0.035156 0.091667
0 0.555469 0.707639 0.029687 0.068056
0 0.613281 0.684722 0.031250 0.097222
0 0.789453 0.595833 0.050781 0.088889
0 0.746094 0.788889 0.043750 0.072222
0 0.938281 0.820833 0.037500 0.097222
0 0.981250 0.693056 0.035937 0.075000
0 0.928516 0.618750 0.046094 0.076389
0 0.988672 0.578472 0.021094 0.065278
0 0.744141 0.502083 0.036719 0.079167
0 0.516016 0.484722 0.033594 0.069444
0 0.201172 0.848611 0.036719 0.080556
