0 0.389844 0.403472 0.028125 0.070833
0 0.388281 0.696528 0.029687 0.079167
0 0.037109 0.480556 0.032031 0.075000
0 0.227734 0.500000 0.032031 0.063889
0 0.569141 0.540972 0.030469 0.051389
0 0.587891 0.803472 0.042969 0.076389
0 0.783984 0.672222 0.032031 0.072222
0 0.830469 0.034028 0.039063 0.062500
0 0.476563 0.415278 0.032812 0.058333
0 0.061719 0.594444 0.034375 0.058333
0 0.086719 0.422917 0.032812 0.076389
0 0.657422 0.541667 0.035156 0.077778
0 0.923437 0.768056 0.035937 0.080556
0 0.513281 0.748611 0.031250 0.069444
