0 0.360547 0.573611 0.049219 0.094444
0 0.450000 0.429167 0.039063 0.088889
0 0.060156 0.389583 0.043750 0.090278
0 0.034375 0.597222 0.040625 0.077778
0 0.247266 0.498611 0.033594 0.083333
0 0.260547 0.674306 0.033594 0.079167
0 0.644531 0.467361 0.029687 0.079167
0 0.691016 0.477778 0.041406 0.066667
0 0.654688 0.611111 0.026563 0.077778
0 0.862109 0.497917 0.046094 0.087500
0 0.793359 0.587500 0.035156 0.091667
0 0.983594 0.325694 0.031250 0.084722
0 0.271875 0.393056 0.035937 0.083333
0 0.220313 0.409722 0.026563 0.061111
