0 0.433203 0.565278 0.030469 0.080556
0 0.354297 0.545139 0.032031 0.054167
0 0.056641 0.613889 0.028906 0.072222
0 0.008203 0.552778 0.016406 0.066667
0 0.067578 0.806250 0.028906 0.093056
0 0.227344 0.675694 0.037500 0.081944
0 0.398047 0.868056 0.028906 0.069444
0 0.488672 0.733333 0.030469 0.069444
0 0.555078 0.701389 0.028906 0.063889
0 0.606641 0.681250 0.032031 0.079167
0 0.512109 0.485417 0.032031 0.070833
0 0.748047 0.790278 0.032031 0.069444
0 0.933203 0.810417 0.030469 0.073611
0 0.977344 0.697222 0.034375 0.061111
0 0.933594 0.609722 0.031250 0.069444
0 0.782031 0.595139 0.040625 0.073611
0 0.989453 0.576389 0.019531 0.069444
0 0.744141 0.492361 0.030469 0.062500
0 0.201953 0.840972 0.041406 0.081944
