0 0.310156 0.293056 0.039063 0.080556
0 0.460547 0.414583 0.035156 0.093056
0 0.514453 0.571528 0.047656 0.093056
0 0.425000 0.562500 0.042188 0.063889
0 0.449609 0.704167 0.032031 0.086111
0 0.174219 0.554861 0.039063 0.104167
0 0.194531 0.716667 0.050000 0.086111
0 0.083203 0.681250 0.044531 0.081944
0 0.026172 0.372917 0.038281 0.073611
0 0.182031 0.427778 0.035937 0.080556
0 0.683984 0.522222 0.035156 0.072222
0 0.766406 0.698611 0.043750 0.086111
0 0.297266 0.444444 0.033594 0.088889
0 0.894141 0.716667 0.041406 0.080556
0 0.882813 0.500694 0.037500 0.081944
