0 0.357812 0.547222 0.039063 0.080556
0 0.432422 0.571528 0.032031 0.079167
0 0.518750 0.477083 0.039063 0.076389
0 0.488281 0.741667 0.035937 0.108333
0 0.558984 0.715972 0.039844 0.068056
0 0.612891 0.685417 0.032031 0.090278
0 0.787109 0.603472 0.046094 0.087500
0 0.746875 0.801389 0.037500 0.080556
0 0.403906 0.884028 0.043750 0.095833
0 0.223828 0.694444 0.046094 0.094444
0 0.058594 0.611111 0.042188 0.102778
0 0.207422 0.838194 0.041406 0.084722
0 0.064844 0.805556 0.045313 0.063889
0 0.932422 0.604167 0.036719 0.075000
0 0.935156 0.815278 0.035937 0.077778
0 0.981250 0.703472 0.035937 0.090278
0 0.750781 0.493056 0.045313 0.086111
0 0.013672 0.542361 0.027344 0.093056
