0 0.307031 0.284722 0.037500 0.063889
0 0.298047 0.437500 0.042969 0.086111
0 0.169922 0.527778 0.038281 0.066667
0 0.191016 0.429861 0.036719 0.073611
0 0.193359 0.711111 0.047656 0.086111
0 0.448438 0.685417 0.040625 0.093056
0 0.460938 0.410417 0.046875 0.056944
0 0.434766 0.565972 0.039844 0.068056
0 0.508984 0.573611 0.039844 0.061111
0 0.680859 0.544444 0.041406 0.088889
0 0.874219 0.502083 0.037500 0.081944
0 0.777734 0.688889 0.049219 0.086111
0 0.899609 0.729861 0.038281 0.076389
0 0.953516 0.425694 0.036719 0.081944
