0 0.216797 0.504861 0.030469 0.073611
0 0.040625 0.475694 0.034375 0.073611
0 0.060938 0.599306 0.032812 0.070833
0 0.394531 0.720139 0.037500 0.101389
0 0.589844 0.811111 0.045313 0.075000
0 0.567187 0.540972 0.039063 0.090278
0 0.788672 0.681250 0.035156 0.062500
0 0.911719 0.547222 0.035937 0.094444
0 0.923047 0.773611 0.038281 0.086111
0 0.662891 0.564583 0.033594 0.079167
0 0.763281 0.521528 0.031250 0.098611
0 0.526172 0.466667 0.028906 0.058333
0 0.828906 0.035417 0.035937 0.059722
0 0.516016 0.748611 0.036719 0.077778
0 0.093359 0.429861 0.038281 0.073611
0 0.473437 0.415278 0.037500 0.069444
0 0.419922 0.297917 0.030469 0.087500
0 0.387109 0.401389 0.028906 0.083333
