0 0.371875 0.589583 0.031250 0.068056
0 0.430469 0.702778 0.032812 0.072222
0 0.312500 0.629167 0.032812 0.075000
0 0.059375 0.564583 0.028125 0.090278
0 0.142578 0.511111 0.033594 0.075000
0 0.080859 0.723611 0.033594 0.072222
0 0.658984 0.487500 0.032031 0.055556
0 0.625391 0.640972 0.038281 0.079167
0 0.783203 0.708333 0.046094 0.094444
0 0.878125 0.473611 0.039063 0.083333
0 0.942187 0.540278 0.034375 0.075000
0 0.906250 0.750000 0.034375 0.075000
0 0.842578 0.597917 0.052344 0.084722
0 0.421094 0.513194 0.034375 0.076389
0 0.587891 0.538194 0.025781 0.065278
0 0.969141 0.475694 0.030469 0.065278
