0 0.02890625 0.4930555555555556 0.046875 0.08333333333333333
0 0.20234375 0.48750000000000004 0.046875 0.08333333333333333
0 0.38671875 0.5180555555555555 0.046875 0.08333333333333333
0 0.20078125 0.35694444444444445 0.046875 0.08333333333333333
0 0.44453125 0.5611111111111111 0.046875 0.08333333333333333
0 0.49609375 0.4861111111111111 0.046875 0.08333333333333333
0 0.59609375 0.6930555555555555 0.046875 0.08333333333333333
0 0.66328125 0.48194444444444445 0.046875 0.08333333333333333
0 0.815625 0.42083333333333334 0.046875 0.08333333333333333
0 0.83359375 0.7597222222222222 0.046875 0.08333333333333333
0 0.87109375 0.4902777777777778 0.046875 0.08333333333333333
0 0.97734375 0.5805555555555555 0.04375 0.08333333333333333