0 0.975 0.7527777777777778 0.046875 0.08333333333333333
0 0.91796875 0.7263888888888889 0.046875 0.08333333333333333
0 0.915625 0.3888888888888889 0.046875 0.08333333333333333
0 0.82734375 0.47361111111111115 0.046875 0.08333333333333333
0 0.85703125 0.5958333333333333 0.046875 0.08333333333333333
0 0.83984375 0.8263888888888888 0.046875 0.08333333333333333
0 0.65078125 0.7791666666666667 0.046875 0.08333333333333333
0 0.67109375 0.4638888888888889 0.046875 0.08333333333333333
0 0.5984375 0.2763888888888889 0.046875 0.08333333333333333
0 0.5078125 0.3527777777777778 0.046875 0.08333333333333333
0 0.53203125 0.4486111111111111 0.046875 0.08333333333333333
0 0.50390625 0.6916666666666667 0.046875 0.08333333333333333
0 0.525 0.7763888888888889 0.046875 0.08333333333333333
0 0.16015625 0.4847222222222222 0.046875 0.08333333333333333
0 0.225 0.5569444444444444 0.046875 0.08333333333333333
0 0.16015625 0.40694444444444444 0.046875 0.08333333333333333
0 0.0390625 0.25972222222222224 0.046875 0.08333333333333333