0 0.87265625 0.7236111111111111 0.046875 0.08333333333333333
0 0.89453125 0.5902777777777778 0.046875 0.08333333333333333
0 0.871875 0.47361111111111115 0.046875 0.08333333333333333
0 0.7390625 0.6513888888888889 0.046875 0.08333333333333333
0 0.703125 0.36388888888888893 0.046875 0.08333333333333333
0 0.58671875 0.2611111111111111 0.046875 0.08333333333333333
0 0.59296875 0.5958333333333333 0.046875 0.08333333333333333
0 0.6265625 0.7527777777777778 0.046875 0.08333333333333333
0 0.53515625 0.5916666666666667 0.046875 0.08333333333333333
0 0.39453125 0.48194444444444445 0.046875 0.08333333333333333
0 0.32109375 0.5527777777777777 0.046875 0.08333333333333333
0 0.17890625 0.45416666666666666 0.046875 0.08333333333333333
0 0.19296875 0.2861111111111111 0.046875 0.08333333333333333
0 0.17109375 0.6097222222222222 0.046875 0.08333333333333333
0 0.03125 0.3805555555555556 0.046875 0.08333333333333333
0 0.15390625 0.49722222222222223 0.046875 0.08333333333333333