0 0.28359375 0.41805555555555557 0.046875 0.08333333333333333
0 0.34765625 0.5055555555555555 0.046875 0.08333333333333333
0 0.27265625 0.7208333333333333 0.046875 0.08333333333333333
0 0.38046875 0.7958333333333333 0.046875 0.08333333333333333
0 0.4015625 0.8847222222222222 0.046875 0.08333333333333333
0 0.56328125 0.6625 0.046875 0.08333333333333333
0 0.52578125 0.4486111111111111 0.046875 0.08333333333333333
0 0.50546875 0.39722222222222225 0.046875 0.08333333333333333
0 0.42734375 0.35694444444444445 0.046875 0.08333333333333333
0 0.41015625 0.41805555555555557 0.046875 0.08333333333333333
0 0.215625 0.43472222222222223 0.046875 0.08333333333333333
0 0.53671875 0.8055555555555555 0.046875 0.08333333333333333
0 0.76171875 0.30972222222222223 0.046875 0.08333333333333333
0 0.71640625 0.5111111111111111 0.046875 0.08333333333333333
0 0.64296875 0.4666666666666667 0.046875 0.08333333333333333
0 0.98125 0.5055555555555555 0.0359375 0.08333333333333333