0 0.125 0.4708333333333333 0.046875 0.08333333333333333
0 0.0421875 0.7708333333333333 0.046875 0.08333333333333333
0 0.040625 0.3791666666666667 0.046875 0.08333333333333333
0 0.22109375 0.5083333333333333 0.046875 0.08333333333333333
0 0.26484375 0.7097222222222221 0.046875 0.08333333333333333
0 0.31953125 0.8319444444444444 0.046875 0.08333333333333333
0 0.44453125 0.5361111111111111 0.046875 0.08333333333333333
0 0.525 0.2569444444444445 0.046875 0.08333333333333333
0 0.65546875 0.4013888888888889 0.046875 0.08333333333333333
0 0.78203125 0.3111111111111111 0.046875 0.08333333333333333
0 0.67578125 0.7319444444444444 0.046875 0.08333333333333333
0 0.85859375 0.4791666666666667 0.046875 0.08333333333333333
0 0.98046875 0.43194444444444446 0.0375 0.08333333333333333