0 0.9265625 0.27361111111111114 0.046875 0.08333333333333333
0 0.61640625 0.3888888888888889 0.046875 0.08333333333333333
0 0.6578125 0.5527777777777777 0.046875 0.08333333333333333
0 0.40703125 0.6875 0.046875 0.08333333333333333
0 0.45390625 0.41250000000000003 0.046875 0.08333333333333333
0 0.39921875 0.3152777777777778 0.046875 0.08333333333333333
0 0.1640625 0.35555555555555557 0.046875 0.08333333333333333
0 0.29765625 0.5930555555555556 0.046875 0.08333333333333333
0 0.38671875 0.8875 0.046875 0.08333333333333333
0 0.1 0.6430555555555555 0.046875 0.08333333333333333
0 0.02109375 0.4847222222222222 0.040625 0.08333333333333333