0 0.20234375 0.5013888888888889 0.046875 0.08333333333333333
0 0.3515625 0.5958333333333333 0.046875 0.08333333333333333
0 0.35390625 0.4027777777777778 0.046875 0.08333333333333333
0 0.52734375 0.5569444444444444 0.046875 0.08333333333333333
0 0.58203125 0.7236111111111111 0.046875 0.08333333333333333
0 0.6515625 0.4763888888888889 0.046875 0.08333333333333333
0 0.54765625 0.39583333333333337 0.046875 0.08333333333333333
0 0.79140625 0.7041666666666666 0.046875 0.08333333333333333
0 0.76015625 0.28055555555555556 0.046875 0.08333333333333333
0 0.94140625 0.6208333333333333 0.046875 0.08333333333333333
0 0.92421875 0.36250000000000004 0.046875 0.08333333333333333