0 0.8984375 0.34305555555555556 0.046875 0.08333333333333333
0 0.875 0.5416666666666666 0.046875 0.08333333333333333
0 0.8125 0.4375 0.046875 0.08333333333333333
0 0.6265625 0.4708333333333333 0.046875 0.08333333333333333
0 0.5859375 0.30833333333333335 0.046875 0.08333333333333333
0 0.428125 0.4236111111111111 0.046875 0.08333333333333333
0 0.3703125 0.5166666666666666 0.046875 0.08333333333333333
0 0.37578125 0.3041666666666667 0.046875 0.08333333333333333
0 0.19453125 0.29444444444444445 0.046875 0.08333333333333333
0 0.10390625 0.32916666666666666 0.046875 0.08333333333333333
0 0.01953125 0.4486111111111111 0.0375 0.08333333333333333