0 0.15859375 0.48750000000000004 0.046875 0.08333333333333333
0 0.10703125 0.275 0.046875 0.08333333333333333
0 0.15078125 0.5763888888888888 0.046875 0.08333333333333333
0 0.36171875 0.5444444444444444 0.046875 0.08333333333333333
0 0.38984375 0.3375 0.046875 0.08333333333333333
0 0.39609375 0.4527777777777778 0.046875 0.08333333333333333
0 0.51015625 0.5458333333333333 0.046875 0.08333333333333333
0 0.53046875 0.37083333333333335 0.046875 0.08333333333333333
0 0.74765625 0.5847222222222221 0.046875 0.08333333333333333
0 0.80546875 0.4152777777777778 0.046875 0.08333333333333333
0 0.96953125 0.48333333333333334 0.046875 0.08333333333333333
0 0.9609375 0.6375 0.046875 0.08333333333333333
0 0.9390625 0.4041666666666667 0.046875 0.08333333333333333