0 0.8890625 0.3902777777777778 0.046875 0.08333333333333333
0 0.83828125 0.5916666666666667 0.046875 0.08333333333333333
0 0.66015625 0.5138888888888888 0.046875 0.08333333333333333
0 0.68359375 0.29305555555555557 0.046875 0.08333333333333333
0 0.6921875 0.4236111111111111 0.046875 0.08333333333333333
0 0.46640625 0.5569444444444444 0.046875 0.08333333333333333
0 0.47734375 0.6666666666666666 0.046875 0.08333333333333333
0 0.48984375 0.3666666666666667 0.046875 0.08333333333333333
0 0.20859375 0.41805555555555557 0.046875 0.08333333333333333
0 0.12734375 0.5236111111111111 0.046875 0.08333333333333333
0 0.28203125 0.37083333333333335 0.046875 0.08333333333333333