0 0.22890625 0.5930555555555556 0.046875 0.08333333333333333
0 0.190625 0.6013888888888889 0.046875 0.08333333333333333
0 0.16171875 0.4638888888888889 0.046875 0.08333333333333333
0 0.3125 0.4847222222222222 0.046875 0.08333333333333333
0 0.36171875 0.6402777777777777 0.046875 0.08333333333333333
0 0.4265625 0.4625 0.046875 0.08333333333333333
0 0.60546875 0.5055555555555555 0.046875 0.08333333333333333
0 0.74453125 0.6361111111111111 0.046875 0.08333333333333333
0 0.821875 0.4652777777777778 0.046875 0.08333333333333333
0 0.94921875 0.5916666666666667 0.046875 0.08333333333333333
0 0.84921875 0.6833333333333333 0.046875 0.08333333333333333