0 0.84765625 0.42500000000000004 0.046875 0.08333333333333333
0 0.88359375 0.5263888888888889 0.046875 0.08333333333333333
0 0.8203125 0.6375 0.046875 0.08333333333333333
0 0.77109375 0.5236111111111111 0.046875 0.08333333333333333
0 0.68203125 0.4013888888888889 0.046875 0.08333333333333333
0 0.67265625 0.49583333333333335 0.046875 0.08333333333333333
0 0.64375 0.625 0.046875 0.08333333333333333
0 0.57734375 0.5819444444444444 0.046875 0.08333333333333333
0 0.60078125 0.32916666666666666 0.046875 0.08333333333333333
0 0.55546875 0.4569444444444445 0.046875 0.08333333333333333
0 0.42734375 0.37222222222222223 0.046875 0.08333333333333333
0 0.4296875 0.4652777777777778 0.046875 0.08333333333333333
0 0.35390625 0.3416666666666667 0.046875 0.08333333333333333
0 0.24921875 0.5611111111111111 0.046875 0.08333333333333333
0 0.1203125 0.4916666666666667 0.046875 0.08333333333333333
0 0.06484375 0.2888888888888889 0.046875 0.08333333333333333