0 0.09453125 0.4930555555555556 0.046875 0.08333333333333333
0 0.1078125 0.3861111111111111 0.046875 0.08333333333333333
0 0.1390625 0.3388888888888889 0.046875 0.08333333333333333
0 0.2984375 0.5666666666666667 0.046875 0.08333333333333333
0 0.30859375 0.4652777777777778 0.046875 0.08333333333333333
0 0.459375 0.3375 0.046875 0.08333333333333333
0 0.50390625 0.4847222222222222 0.046875 0.08333333333333333
0 0.5484375 0.27361111111111114 0.046875 0.08333333333333333
0 0.69296875 0.43194444444444446 0.046875 0.08333333333333333
0 0.75859375 0.6555555555555556 0.046875 0.08333333333333333
0 0.79609375 0.2972222222222222 0.046875 0.08333333333333333
0 0.93671875 0.18055555555555555 0.046875 0.08333333333333333
0 0.9484375 0.36250000000000004 0.046875 0.08333333333333333
0 0.9546875 0.47222222222222227 0.046875 0.08333333333333333