0 0.84921875 0.5611111111111111 0.046875 0.08333333333333333
0 0.784375 0.5541666666666666 0.046875 0.08333333333333333
0 0.81015625 0.39722222222222225 0.046875 0.08333333333333333
0 0.73046875 0.41944444444444445 0.046875 0.08333333333333333
0 0.60859375 0.5569444444444444 0.046875 0.08333333333333333
0 0.4078125 0.4375 0.046875 0.08333333333333333
0 0.440625 0.5680555555555555 0.046875 0.08333333333333333
0 0.36015625 0.5972222222222222 0.046875 0.08333333333333333
0 0.40546875 0.3402777777777778 0.046875 0.08333333333333333
0 0.21015625 0.36388888888888893 0.046875 0.08333333333333333
0 0.24140625 0.586111111111111 0.046875 0.08333333333333333
0 0.184375 0.5319444444444444 0.046875 0.08333333333333333
0 0.05703125 0.5208333333333334 0.046875 0.08333333333333333