0 0.78515625 0.6041666666666666 0.046875 0.08333333333333333
0 0.67890625 0.6402777777777777 0.046875 0.08333333333333333
0 0.73359375 0.5152777777777777 0.046875 0.08333333333333333
0 0.73046875 0.45 0.046875 0.08333333333333333
0 0.6796875 0.3402777777777778 0.046875 0.08333333333333333
0 0.53828125 0.5458333333333333 0.046875 0.08333333333333333
0 0.5078125 0.4277777777777778 0.046875 0.08333333333333333
0 0.53671875 0.3125 0.046875 0.08333333333333333
0 0.45625 0.5263888888888889 0.046875 0.08333333333333333
0 0.38515625 0.6055555555555555 0.046875 0.08333333333333333
0 0.34921875 0.36388888888888893 0.046875 0.08333333333333333
0 0.27578125 0.32083333333333336 0.046875 0.08333333333333333
0 0.26953125 0.6083333333333333 0.046875 0.08333333333333333
0 0.178125 0.4083333333333333 0.046875 0.08333333333333333