0 0.8734375 0.35555555555555557 0.046875 0.08333333333333333
0 0.89375 0.5236111111111111 0.046875 0.08333333333333333
0 0.79453125 0.6055555555555555 0.046875 0.08333333333333333
0 0.73125 0.4666666666666667 0.046875 0.08333333333333333
0 0.69453125 0.75 0.046875 0.08333333333333333
0 0.64609375 0.7444444444444444 0.046875 0.08333333333333333
0 0.61796875 0.6277777777777778 0.046875 0.08333333333333333
0 0.6515625 0.38333333333333336 0.046875 0.08333333333333333
0 0.55703125 0.3402777777777778 0.046875 0.08333333333333333
0 0.39921875 0.7902777777777777 0.046875 0.08333333333333333
0 0.38671875 0.6041666666666666 0.046875 0.08333333333333333
0 0.25078125 0.7527777777777778 0.046875 0.08333333333333333
0 0.1734375 0.5541666666666666 0.046875 0.08333333333333333
0 0.06328125 0.711111111111111 0.046875 0.08333333333333333
0 0.16015625 0.40694444444444444 0.046875 0.08333333333333333