0 0.0421875 0.6361111111111111 0.046875 0.08333333333333333
0 0.053125 0.4375 0.046875 0.08333333333333333
0 0.25078125 0.5083333333333333 0.046875 0.08333333333333333
0 0.2453125 0.3319444444444445 0.046875 0.08333333333333333
0 0.31484375 0.7847222222222222 0.046875 0.08333333333333333
0 0.43203125 0.6097222222222222 0.046875 0.08333333333333333
0 0.36484375 0.34861111111111115 0.046875 0.08333333333333333
0 0.58203125 0.3763888888888889 0.046875 0.08333333333333333
0 0.73515625 0.38333333333333336 0.046875 0.08333333333333333
0 0.66171875 0.6527777777777778 0.046875 0.08333333333333333
0 0.89765625 0.5902777777777778 0.046875 0.08333333333333333
0 0.93515625 0.4430555555555556 0.046875 0.08333333333333333