0 0.95703125 0.47361111111111115 0.046875 0.08333333333333333
0 0.76640625 0.3541666666666667 0.046875 0.08333333333333333
0 0.65546875 0.39861111111111114 0.046875 0.08333333333333333
0 0.53203125 0.4638888888888889 0.046875 0.08333333333333333
0 0.47578125 0.48750000000000004 0.046875 0.08333333333333333
0 0.48984375 0.2486111111111111 0.046875 0.08333333333333333
0 0.47578125 0.6569444444444444 0.046875 0.08333333333333333
0 0.34921875 0.2638888888888889 0.046875 0.08333333333333333
0 0.24453125 0.21805555555555556 0.046875 0.08333333333333333
0 0.30390625 0.4 0.046875 0.08333333333333333
0 0.29921875 0.6597222222222222 0.046875 0.08333333333333333
0 0.10546875 0.5458333333333333 0.046875 0.08333333333333333
0 0.08671875 0.23055555555555554 0.046875 0.08333333333333333
0 0.08125 0.37222222222222223 0.046875 0.08333333333333333