0 0.09921875 0.4277777777777778 0.046875 0.08333333333333333
0 0.17265625 0.49722222222222223 0.046875 0.08333333333333333
0 0.15859375 0.7319444444444444 0.046875 0.08333333333333333
0 0.3703125 0.5569444444444444 0.046875 0.08333333333333333
0 0.55703125 0.5736111111111111 0.046875 0.08333333333333333
0 0.56953125 0.8347222222222221 0.046875 0.08333333333333333
0 0.62421875 0.4236111111111111 0.046875 0.08333333333333333
0 0.7453125 0.6208333333333333 0.046875 0.08333333333333333
0 0.80859375 0.28194444444444444 0.046875 0.08333333333333333
0 0.94296875 0.7388888888888888 0.046875 0.08333333333333333
0 0.9578125 0.3458333333333333 0.046875 0.08333333333333333