0 0.16015625 0.39722222222222225 0.046875 0.08333333333333333
0 0.08515625 0.4777777777777778 0.046875 0.08333333333333333
0 0.09375 0.32222222222222224 0.046875 0.08333333333333333
0 0.2265625 0.4847222222222222 0.046875 0.08333333333333333
0 0.25234375 0.2652777777777778 0.046875 0.08333333333333333
0 0.20390625 0.23194444444444443 0.046875 0.08333333333333333
0 0.378125 0.4305555555555556 0.046875 0.08333333333333333
0 0.44140625 0.5819444444444444 0.046875 0.08333333333333333
0 0.46171875 0.38472222222222224 0.046875 0.08333333333333333
0 0.64140625 0.39861111111111114 0.046875 0.08333333333333333
0 0.5828125 0.5666666666666667 0.046875 0.08333333333333333
0 0.85078125 0.4402777777777778 0.046875 0.08333333333333333
0 0.959375 0.4041666666666667 0.046875 0.08333333333333333
0 0.92421875 0.7097222222222221 0.046875 0.08333333333333333
0 0.81640625 0.5361111111111111 0.046875 0.08333333333333333