0 0.81796875 0.175 0.046875 0.08333333333333333
0 0.82265625 0.5194444444444445 0.046875 0.08333333333333333
0 0.74609375 0.34861111111111115 0.046875 0.08333333333333333
0 0.55703125 0.4430555555555556 0.046875 0.08333333333333333
0 0.50703125 0.2569444444444445 0.046875 0.08333333333333333
0 0.38828125 0.3236111111111111 0.046875 0.08333333333333333
0 0.40546875 0.5569444444444444 0.046875 0.08333333333333333
0 0.28828125 0.5125 0.046875 0.08333333333333333
0 0.31171875 0.3027777777777778 0.046875 0.08333333333333333
0 0.26484375 0.14166666666666666 0.046875 0.08333333333333333
0 0.13671875 0.3763888888888889 0.046875 0.08333333333333333
0 0.09765625 0.35000000000000003 0.046875 0.08333333333333333
0 0.20859375 0.0736111111111111 0.046875 0.08333333333333333
0 0.08828125 0.5680555555555555 0.046875 0.08333333333333333