0 0.92734375 0.46805555555555556 0.046875 0.08333333333333333
0 0.9171875 0.5416666666666666 0.046875 0.08333333333333333
0 0.68125 0.5263888888888889 0.046875 0.08333333333333333
0 0.66484375 0.4027777777777778 0.046875 0.08333333333333333
0 0.63984375 0.6805555555555555 0.046875 0.08333333333333333
0 0.56328125 0.44722222222222224 0.046875 0.08333333333333333
0 0.509375 0.5319444444444444 0.046875 0.08333333333333333
0 0.32734375 0.5347222222222222 0.046875 0.08333333333333333
0 0.40078125 0.7124999999999999 0.046875 0.08333333333333333
0 0.15703125 0.4166666666666667 0.046875 0.08333333333333333
0 0.0515625 0.39861111111111114 0.046875 0.08333333333333333
0 0.07578125 0.5194444444444445 0.046875 0.08333333333333333
0 0.07265625 0.6277777777777778 0.046875 0.08333333333333333