0 0.93046875 0.3375 0.046875 0.08333333333333333
0 0.87421875 0.6805555555555555 0.046875 0.08333333333333333
0 0.75234375 0.36944444444444446 0.046875 0.08333333333333333
0 0.72109375 0.7347222222222222 0.046875 0.08333333333333333
0 0.5828125 0.575 0.046875 0.08333333333333333
0 0.54296875 0.4083333333333333 0.046875 0.08333333333333333
0 0.52265625 0.2972222222222222 0.046875 0.08333333333333333
0 0.43359375 0.5180555555555555 0.046875 0.08333333333333333
0 0.328125 0.43333333333333335 0.046875 0.08333333333333333
0 0.32421875 0.5694444444444444 0.046875 0.08333333333333333
0 0.09296875 0.32083333333333336 0.046875 0.08333333333333333
0 0.08671875 0.525 0.046875 0.08333333333333333