0 0.9734375 0.6819444444444444 0.046875 0.08333333333333333
0 0.80703125 0.5458333333333333 0.046875 0.08333333333333333
0 0.6421875 0.8666666666666666 0.046875 0.08333333333333333
0 0.62265625 0.4375 0.046875 0.08333333333333333
0 0.47265625 0.5874999999999999 0.046875 0.08333333333333333
0 0.35859375 0.8513888888888889 0.046875 0.08333333333333333
0 0.26640625 0.7138888888888889 0.046875 0.08333333333333333
0 0.26875 0.5013888888888889 0.046875 0.08333333333333333
0 0.17734375 0.5986111111111111 0.046875 0.08333333333333333
0 0.14296875 0.7041666666666666 0.046875 0.08333333333333333
0 0.08515625 0.6097222222222222 0.046875 0.08333333333333333
0 0.37734375 0.2263888888888889 0.046875 0.08333333333333333