0 0.982421875 0.2833333333333333 0.03359375 0.08333333333333333
0 0.93203125 0.6416666666666666 0.046875 0.08333333333333333
0 0.87890625 0.5388888888888889 0.046875 0.08333333333333333
0 0.82109375 0.22777777777777777 0.046875 0.08333333333333333
0 0.6578125 0.36944444444444446 0.046875 0.08333333333333333
0 0.7125 0.6958333333333333 0.046875 0.08333333333333333
0 0.56171875 0.5236111111111111 0.046875 0.08333333333333333
0 0.49453125 0.2791666666666667 0.046875 0.08333333333333333
0 0.37421875 0.42083333333333334 0.046875 0.08333333333333333
0 0.10703125 0.35833333333333334 0.046875 0.08333333333333333
0 0.0625 0.7069444444444444 0.046875 0.08333333333333333