0 0.89765625 0.45416666666666666 0.046875 0.08333333333333333
0 0.78515625 0.3875 0.046875 0.08333333333333333
0 0.771875 0.6888888888888889 0.046875 0.08333333333333333
0 0.63359375 0.5611111111111111 0.046875 0.08333333333333333
0 0.540625 0.5902777777777778 0.046875 0.08333333333333333
0 0.57109375 0.3791666666666667 0.046875 0.08333333333333333
0 0.40078125 0.6124999999999999 0.046875 0.08333333333333333
0 0.32109375 0.5347222222222222 0.046875 0.08333333333333333
0 0.17890625 0.4930555555555556 0.046875 0.08333333333333333
0 0.21171875 0.5902777777777778 0.046875 0.08333333333333333
0 0.32734375 0.7680555555555555 0.046875 0.08333333333333333
0 0.017968750000000002 0.5541666666666666 0.034375 0.08333333333333333