0 0.20859375 0.4041666666666667 0.046875 0.08333333333333333
0 0.18984375 0.5152777777777777 0.046875 0.08333333333333333
0 0.0953125 0.5208333333333334 0.046875 0.08333333333333333
0 0.33125 0.4777777777777778 0.046875 0.08333333333333333
0 0.41796875 0.4791666666666667 0.046875 0.08333333333333333
0 0.46796875 0.48750000000000004 0.046875 0.08333333333333333
0 0.6015625 0.4 0.046875 0.08333333333333333
0 0.78125 0.3125 0.046875 0.08333333333333333
0 0.85078125 0.4763888888888889 0.046875 0.08333333333333333
0 0.87578125 0.39583333333333337 0.046875 0.08333333333333333
0 0.90546875 0.3111111111111111 0.046875 0.08333333333333333