0 0.915625 0.6097222222222222 0.046875 0.08333333333333333
0 0.71015625 0.6291666666666667 0.046875 0.08333333333333333
0 0.68046875 0.6611111111111111 0.046875 0.08333333333333333
0 0.7140625 0.44722222222222224 0.046875 0.08333333333333333
0 0.67734375 0.3680555555555556 0.046875 0.08333333333333333
0 0.54296875 0.5513888888888888 0.046875 0.08333333333333333
0 0.425 0.3041666666666667 0.046875 0.08333333333333333
0 0.3484375 0.5041666666666667 0.046875 0.08333333333333333
0 0.2734375 0.3041666666666667 0.046875 0.08333333333333333
0 0.15078125 0.4486111111111111 0.046875 0.08333333333333333
0 0.134375 0.36944444444444446 0.046875 0.08333333333333333