0 0.74140625 0.24027777777777776 0.046875 0.08333333333333333
0 0.728125 0.41944444444444445 0.046875 0.08333333333333333
0 0.690625 0.4569444444444445 0.046875 0.08333333333333333
0 0.5640625 0.5736111111111111 0.046875 0.08333333333333333
0 0.52265625 0.43194444444444446 0.046875 0.08333333333333333
0 0.40546875 0.6208333333333333 0.046875 0.08333333333333333
0 0.478125 0.29583333333333334 0.046875 0.08333333333333333
0 0.2546875 0.5458333333333333 0.046875 0.08333333333333333
0 0.26953125 0.32916666666666666 0.046875 0.08333333333333333
0 0.071875 0.4388888888888889 0.046875 0.08333333333333333
0 0.04375 0.5305555555555556 0.046875 0.08333333333333333
0 0.77890625 0.5583333333333333 0.046875 0.08333333333333333