0 0.92421875 0.7833333333333333 0.046875 0.08333333333333333
0 0.83515625 0.9347222222222222 0.046875 0.08333333333333333
0 0.75234375 0.8777777777777778 0.046875 0.08333333333333333
0 0.64609375 0.8486111111111111 0.046875 0.08333333333333333
0 0.5109375 0.6138888888888888 0.046875 0.08333333333333333
0 0.61328125 0.6055555555555555 0.046875 0.08333333333333333
0 0.70859375 0.46111111111111114 0.046875 0.08333333333333333
0 0.8171875 0.48194444444444445 0.046875 0.08333333333333333
0 0.89609375 0.26805555555555555 0.046875 0.08333333333333333
0 0.63828125 0.3541666666666667 0.046875 0.08333333333333333
0 0.5265625 0.19999999999999998 0.046875 0.08333333333333333
0 0.690625 0.10972222222222222 0.046875 0.08333333333333333
0 0.4515625 0.2652777777777778 0.046875 0.08333333333333333
0 0.35703125 0.2708333333333333 0.046875 0.08333333333333333
0 0.22265625 0.24583333333333332 0.046875 0.08333333333333333
0 0.32734375 0.4375 0.046875 0.08333333333333333
0 0.21484375 0.7402777777777777 0.046875 0.08333333333333333
0 0.08515625 0.38472222222222224 0.046875 0.08333333333333333
0 0.07578125 0.13194444444444445 0.046875 0.08333333333333333