0 0.8875 0.7347222222222223 0.0546875 0.09722222222222222
0 0.88046875 0.5013888888888889 0.0546875 0.09722222222222222
0 0.76484375 0.6888888888888889 0.0546875 0.09722222222222222
0 0.67890625 0.5305555555555556 0.0546875 0.09722222222222222
0 0.503125 0.5736111111111112 0.0546875 0.09722222222222222
0 0.45078125 0.6944444444444445 0.0546875 0.09722222222222222
0 0.43046875 0.5569444444444445 0.0546875 0.09722222222222222
0 0.45703125 0.4125 0.0546875 0.09722222222222222
0 0.28828125 0.45694444444444443 0.0546875 0.09722222222222222
0 0.30390625 0.2861111111111111 0.0546875 0.09722222222222222
0 0.16640625 0.5305555555555556 0.0546875 0.09722222222222222
0 0.18046875 0.7041666666666667 0.0546875 0.09722222222222222
0 0.18125 0.42083333333333334 0.0546875 0.09722222222222222
0 0.06015625 0.6861111111111111 0.0546875 0.09722222222222222