0 0.977734375 0.6680555555555556 0.04296875 0.09722222222222222
0 0.965625 0.5055555555555555 0.0546875 0.09722222222222222
0 0.903125 0.6236111111111111 0.0546875 0.09722222222222222
0 0.86171875 0.6916666666666668 0.0546875 0.09722222222222222
0 0.6453125 0.5888888888888889 0.0546875 0.09722222222222222
0 0.66484375 0.7236111111111112 0.0546875 0.09722222222222222
0 0.5171875 0.3875 0.0546875 0.09722222222222222
0 0.46953125 0.7569444444444445 0.0546875 0.09722222222222222
0 0.35390625 0.6125 0.0546875 0.09722222222222222
0 0.25859375 0.5208333333333334 0.0546875 0.09722222222222222
0 0.11171875 0.46805555555555556 0.0546875 0.09722222222222222