0 0.94140625 0.6541666666666667 0.0546875 0.09722222222222222
0 0.9140625 0.8458333333333334 0.0546875 0.09722222222222222
0 0.75703125 0.4097222222222222 0.0546875 0.09722222222222222
0 0.73359375 0.6513888888888889 0.0546875 0.09722222222222222
0 0.61640625 0.4263888888888889 0.0546875 0.09722222222222222
0 0.46953125 0.45694444444444443 0.0546875 0.09722222222222222
0 0.453125 0.6055555555555556 0.0546875 0.09722222222222222
0 0.58984375 0.7652777777777778 0.0546875 0.09722222222222222
0 0.65546875 0.7722222222222223 0.0546875 0.09722222222222222
0 0.325 0.5375 0.0546875 0.09722222222222222
0 0.41953125 0.8958333333333334 0.0546875 0.09722222222222222
0 0.18203125 0.6166666666666667 0.0546875 0.09722222222222222
0 0.1953125 0.4097222222222222 0.0546875 0.09722222222222222
0 0.03046875 0.5791666666666667 0.0546875 0.09722222222222222