0 0.86875 0.7000000000000001 0.0546875 0.09722222222222222
0 0.90625 0.6208333333333333 0.0546875 0.09722222222222222
0 0.96015625 0.5013888888888889 0.0546875 0.09722222222222222
0 0.974609375 0.6583333333333334 0.04921875 0.09722222222222222
0 0.64453125 0.5652777777777779 0.0546875 0.09722222222222222
0 0.66953125 0.7236111111111112 0.0546875 0.09722222222222222
0 0.66953125 0.7236111111111112 0.0546875 0.09722222222222222
0 0.52421875 0.38055555555555554 0.0546875 0.09722222222222222
0 0.465625 0.7541666666666668 0.0546875 0.09722222222222222
0 0.35546875 0.6125 0.0546875 0.09722222222222222
0 0.26015625 0.5375 0.0546875 0.09722222222222222
0 0.10859375 0.4652777777777778 0.0546875 0.09722222222222222