0 0.68828125 0.45694444444444443 0.0546875 0.09722222222222222
0 0.6875 0.5375 0.0546875 0.09722222222222222
0 0.56171875 0.3625 0.0546875 0.09722222222222222
0 0.5296875 0.25555555555555554 0.0546875 0.09722222222222222
0 0.53671875 0.5444444444444445 0.0546875 0.09722222222222222
0 0.5953125 0.6111111111111112 0.0546875 0.09722222222222222
0 0.40703125 0.5402777777777777 0.0546875 0.09722222222222222
0 0.38984375 0.7319444444444445 0.0546875 0.09722222222222222
0 0.23203125 0.5486111111111112 0.0546875 0.09722222222222222
0 0.2203125 0.3819444444444444 0.0546875 0.09722222222222222
0 0.1671875 0.4930555555555555 0.0546875 0.09722222222222222
0 0.1203125 0.5583333333333333 0.0546875 0.09722222222222222