0 0.94921875 0.6416666666666667 0.0546875 0.09722222222222222
0 0.91875 0.851388888888889 0.0546875 0.09722222222222222
0 0.76171875 0.39999999999999997 0.0546875 0.09722222222222222
0 0.73671875 0.6486111111111111 0.0546875 0.09722222222222222
0 0.59453125 0.7513888888888889 0.0546875 0.09722222222222222
0 0.65 0.7680555555555556 0.0546875 0.09722222222222222
0 0.61640625 0.4222222222222222 0.0546875 0.09722222222222222
0 0.46796875 0.44722222222222224 0.0546875 0.09722222222222222
0 0.45078125 0.6027777777777779 0.0546875 0.09722222222222222
0 0.31796875 0.5375 0.0546875 0.09722222222222222
0 0.178125 0.6152777777777778 0.0546875 0.09722222222222222
0 0.19765625 0.4125 0.0546875 0.09722222222222222
0 0.034375 0.5722222222222223 0.0546875 0.09722222222222222