0 0.89140625 0.7291666666666667 0.0546875 0.09722222222222222
0 0.88046875 0.4986111111111111 0.0546875 0.09722222222222222
0 0.765625 0.6958333333333334 0.0546875 0.09722222222222222
0 0.6734375 0.5319444444444444 0.0546875 0.09722222222222222
0 0.51015625 0.5680555555555556 0.0546875 0.09722222222222222
0 0.44609375 0.6930555555555556 0.0546875 0.09722222222222222
0 0.42890625 0.5652777777777779 0.0546875 0.09722222222222222
0 0.45390625 0.41527777777777775 0.0546875 0.09722222222222222
0 0.28671875 0.4597222222222222 0.0546875 0.09722222222222222
0 0.30625 0.28750000000000003 0.0546875 0.09722222222222222
0 0.17734375 0.7041666666666667 0.0546875 0.09722222222222222
0 0.16796875 0.5291666666666667 0.0546875 0.09722222222222222
0 0.18125 0.42083333333333334 0.0546875 0.09722222222222222
0 0.08359375 0.601388888888889 0.0546875 0.09722222222222222
0 0.05703125 0.6916666666666668 0.0546875 0.09722222222222222
0 0.05703125 0.6902777777777779 0.0546875 0.09722222222222222