0 0.95 0.638888888888889 0.0546875 0.09722222222222222
0 0.76171875 0.4097222222222222 0.0546875 0.09722222222222222
0 0.7359375 0.6541666666666667 0.0546875 0.09722222222222222
0 0.6171875 0.42083333333333334 0.0546875 0.09722222222222222
0 0.590625 0.75 0.0546875 0.09722222222222222
0 0.64921875 0.7569444444444445 0.0546875 0.09722222222222222
0 0.4203125 0.8902777777777778 0.0546875 0.09722222222222222
0 0.4546875 0.6041666666666667 0.0546875 0.09722222222222222
0 0.46796875 0.44722222222222224 0.0546875 0.09722222222222222
0 0.32265625 0.5333333333333333 0.0546875 0.09722222222222222
0 0.18046875 0.6152777777777778 0.0546875 0.09722222222222222
0 0.19765625 0.4125 0.0546875 0.09722222222222222
0 0.03359375 0.5833333333333334 0.0546875 0.09722222222222222