0 0.95 0.6416666666666667 0.0546875 0.09722222222222222
0 0.73828125 0.6347222222222223 0.0546875 0.09722222222222222
0 0.75546875 0.4041666666666667 0.0546875 0.09722222222222222
0 0.61640625 0.4263888888888889 0.0546875 0.09722222222222222
0 0.4640625 0.4583333333333333 0.0546875 0.09722222222222222
0 0.44921875 0.6027777777777779 0.0546875 0.09722222222222222
0 0.596875 0.7555555555555556 0.0546875 0.09722222222222222
0 0.65078125 0.7694444444444445 0.0546875 0.09722222222222222
0 0.4171875 0.8958333333333334 0.0546875 0.09722222222222222
0 0.32578125 0.5416666666666667 0.0546875 0.09722222222222222
0 0.1921875 0.4097222222222222 0.0546875 0.09722222222222222
0 0.18203125 0.6125 0.0546875 0.09722222222222222
0 0.03359375 0.5708333333333334 0.0546875 0.09722222222222222