0 0.95703125 0.6625000000000001 0.0546875 0.09722222222222222
0 0.915625 0.8555555555555556 0.0546875 0.09722222222222222
0 0.746875 0.39999999999999997 0.0546875 0.09722222222222222
0 0.73828125 0.6569444444444444 0.0546875 0.09722222222222222
0 0.61640625 0.4083333333333333 0.0546875 0.09722222222222222
0 0.59453125 0.75 0.0546875 0.09722222222222222
0 0.44609375 0.5930555555555556 0.0546875 0.09722222222222222
0 0.42265625 0.8847222222222223 0.0546875 0.09722222222222222
0 0.46796875 0.4513888888888889 0.0546875 0.09722222222222222
0 0.32109375 0.5277777777777778 0.0546875 0.09722222222222222
0 0.17890625 0.6111111111111112 0.0546875 0.09722222222222222
0 0.19140625 0.40694444444444444 0.0546875 0.09722222222222222
0 0.0328125 0.5777777777777778 0.0546875 0.09722222222222222