0 0.9484375 0.65 0.0546875 0.09722222222222222
0 0.9140625 0.8458333333333334 0.0546875 0.09722222222222222
0 0.74765625 0.4013888888888889 0.0546875 0.09722222222222222
0 0.73828125 0.6458333333333334 0.0546875 0.09722222222222222
0 0.61171875 0.4041666666666667 0.0546875 0.09722222222222222
0 0.60390625 0.7583333333333334 0.0546875 0.09722222222222222
0 0.4671875 0.45694444444444443 0.0546875 0.09722222222222222
0 0.446875 0.5972222222222223 0.0546875 0.09722222222222222
0 0.42109375 0.8847222222222223 0.0546875 0.09722222222222222
0 0.3234375 0.5375 0.0546875 0.09722222222222222
0 0.196875 0.4013888888888889 0.0546875 0.09722222222222222
0 0.1828125 0.6263888888888889 0.0546875 0.09722222222222222
0 0.03125 0.5847222222222223 0.0546875 0.09722222222222222