0 0.976171875 0.6666666666666667 0.04609375 0.09722222222222222
0 0.89921875 0.6194444444444445 0.0546875 0.09722222222222222
0 0.95703125 0.49583333333333335 0.0546875 0.09722222222222222
0 0.86015625 0.6958333333333334 0.0546875 0.09722222222222222
0 0.665625 0.7152777777777778 0.0546875 0.09722222222222222
0 0.64296875 0.5888888888888889 0.0546875 0.09722222222222222
0 0.52265625 0.3833333333333333 0.0546875 0.09722222222222222
0 0.46328125 0.7597222222222223 0.0546875 0.09722222222222222
0 0.353125 0.6263888888888889 0.0546875 0.09722222222222222
0 0.26171875 0.5347222222222222 0.0546875 0.09722222222222222
0 0.11640625 0.4722222222222222 0.0546875 0.09722222222222222