0 0.976953125 0.6666666666666667 0.04453125 0.09722222222222222
0 0.86015625 0.6902777777777779 0.0546875 0.09722222222222222
0 0.9046875 0.6208333333333333 0.0546875 0.09722222222222222
0 0.9546875 0.4986111111111111 0.0546875 0.09722222222222222
0 0.64296875 0.5805555555555556 0.0546875 0.09722222222222222
0 0.66796875 0.7166666666666667 0.0546875 0.09722222222222222
0 0.51875 0.3736111111111111 0.0546875 0.09722222222222222
0 0.4609375 0.7597222222222223 0.0546875 0.09722222222222222
0 0.35546875 0.6125 0.0546875 0.09722222222222222
0 0.26015625 0.5472222222222223 0.0546875 0.09722222222222222
0 0.11171875 0.475 0.0546875 0.09722222222222222