0 0.890625 0.726388888888889 0.0546875 0.09722222222222222
0 0.88125 0.5041666666666667 0.0546875 0.09722222222222222
0 0.68046875 0.5277777777777778 0.0546875 0.09722222222222222
0 0.76328125 0.6958333333333334 0.0546875 0.09722222222222222
0 0.45078125 0.6861111111111111 0.0546875 0.09722222222222222
0 0.50703125 0.5708333333333334 0.0546875 0.09722222222222222
0 0.43203125 0.5625 0.0546875 0.09722222222222222
0 0.45390625 0.41944444444444445 0.0546875 0.09722222222222222
0 0.2875 0.4444444444444444 0.0546875 0.09722222222222222
0 0.30546875 0.28750000000000003 0.0546875 0.09722222222222222
0 0.17890625 0.42916666666666664 0.0546875 0.09722222222222222
0 0.16484375 0.5305555555555556 0.0546875 0.09722222222222222
0 0.18046875 0.7041666666666667 0.0546875 0.09722222222222222
0 0.0859375 0.6166666666666667 0.0546875 0.09722222222222222
0 0.05859375 0.6861111111111111 0.0546875 0.09722222222222222