0 0.978125 0.6763888888888889 0.0421875 0.09722222222222222
0 0.9625 0.5055555555555555 0.0546875 0.09722222222222222
0 0.90078125 0.6194444444444445 0.0546875 0.09722222222222222
0 0.86015625 0.6875 0.0546875 0.09722222222222222
0 0.6625 0.7166666666666667 0.0546875 0.09722222222222222
0 0.6390625 0.5736111111111112 0.0546875 0.09722222222222222
0 0.5265625 0.37916666666666665 0.0546875 0.09722222222222222
0 0.46171875 0.7569444444444445 0.0546875 0.09722222222222222
0 0.35390625 0.6083333333333334 0.0546875 0.09722222222222222
0 0.25859375 0.5263888888888889 0.0546875 0.09722222222222222
0 0.10859375 0.47638888888888886 0.0546875 0.09722222222222222