0 0.975390625 0.6652777777777779 0.04765625 0.09722222222222222
0 0.959375 0.5041666666666667 0.0546875 0.09722222222222222
0 0.9046875 0.6208333333333333 0.0546875 0.09722222222222222
0 0.86484375 0.6902777777777779 0.0546875 0.09722222222222222
0 0.6453125 0.576388888888889 0.0546875 0.09722222222222222
0 0.665625 0.7291666666666667 0.0546875 0.09722222222222222
0 0.4640625 0.763888888888889 0.0546875 0.09722222222222222
0 0.52265625 0.3763888888888889 0.0546875 0.09722222222222222
0 0.3578125 0.6152777777777778 0.0546875 0.09722222222222222
0 0.25703125 0.5388888888888889 0.0546875 0.09722222222222222
0 0.11484375 0.4736111111111111 0.0546875 0.09722222222222222