0 0.95 0.65 0.0546875 0.09722222222222222
0 0.73984375 0.65 0.0546875 0.09722222222222222
0 0.76015625 0.40694444444444444 0.0546875 0.09722222222222222
0 0.61953125 0.4236111111111111 0.0546875 0.09722222222222222
0 0.65 0.7625000000000001 0.0546875 0.09722222222222222
0 0.5921875 0.7569444444444445 0.0546875 0.09722222222222222
0 0.41953125 0.8847222222222223 0.0546875 0.09722222222222222
0 0.4546875 0.6041666666666667 0.0546875 0.09722222222222222
0 0.46640625 0.4513888888888889 0.0546875 0.09722222222222222
0 0.328125 0.5333333333333333 0.0546875 0.09722222222222222
0 0.18046875 0.6208333333333333 0.0546875 0.09722222222222222
0 0.18828125 0.4097222222222222 0.0546875 0.09722222222222222
0 0.02734375 0.5736111111111112 0.053125 0.09722222222222222