0 0.95078125 0.6555555555555556 0.0546875 0.09722222222222222
0 0.91484375 0.8527777777777779 0.0546875 0.09722222222222222
0 0.7390625 0.6597222222222223 0.0546875 0.09722222222222222
0 0.75546875 0.4083333333333333 0.0546875 0.09722222222222222
0 0.62109375 0.4027777777777778 0.0546875 0.09722222222222222
0 0.59296875 0.7513888888888889 0.0546875 0.09722222222222222
0 0.6515625 0.7708333333333334 0.0546875 0.09722222222222222
0 0.45390625 0.6097222222222223 0.0546875 0.09722222222222222
0 0.4640625 0.4652777777777778 0.0546875 0.09722222222222222
0 0.3171875 0.5416666666666667 0.0546875 0.09722222222222222
0 0.421875 0.8944444444444445 0.0546875 0.09722222222222222
0 0.18203125 0.6152777777777778 0.0546875 0.09722222222222222
0 0.19375 0.4125 0.0546875 0.09722222222222222
0 0.0328125 0.5736111111111112 0.0546875 0.09722222222222222