0 0.68671875 0.5319444444444444 0.0546875 0.09722222222222222
0 0.6890625 0.4597222222222222 0.0546875 0.09722222222222222
0 0.596875 0.6111111111111112 0.0546875 0.09722222222222222
0 0.54453125 0.5319444444444444 0.0546875 0.09722222222222222
0 0.53125 0.24583333333333332 0.0546875 0.09722222222222222
0 0.40390625 0.5430555555555556 0.0546875 0.09722222222222222
0 0.39140625 0.7375 0.0546875 0.09722222222222222
0 0.23046875 0.5416666666666667 0.0546875 0.09722222222222222
0 0.215625 0.37083333333333335 0.0546875 0.09722222222222222
0 0.1703125 0.4888888888888889 0.0546875 0.09722222222222222
0 0.12265625 0.5583333333333333 0.0546875 0.09722222222222222