0 0.94921875 0.6458333333333334 0.0546875 0.09722222222222222
0 0.9140625 0.8555555555555556 0.0546875 0.09722222222222222
0 0.74609375 0.39444444444444443 0.0546875 0.09722222222222222
0 0.73984375 0.6472222222222223 0.0546875 0.09722222222222222
0 0.596875 0.7555555555555556 0.0546875 0.09722222222222222
0 0.61328125 0.4111111111111111 0.0546875 0.09722222222222222
0 0.46953125 0.4486111111111111 0.0546875 0.09722222222222222
0 0.45546875 0.5944444444444444 0.0546875 0.09722222222222222
0 0.3234375 0.5319444444444444 0.0546875 0.09722222222222222
0 0.42421875 0.8986111111111111 0.0546875 0.09722222222222222
0 0.18203125 0.6152777777777778 0.0546875 0.09722222222222222
0 0.2078125 0.4041666666666667 0.0546875 0.09722222222222222
0 0.02890625 0.5722222222222223 0.0546875 0.09722222222222222