0 0.66015625 0.486111111111111 0.046875 0.0833333333333333
0 0.63671875 0.152777777777778 0.046875 0.0833333333333333
0 0.234375 0.570833333333333 0.046875 0.0833333333333333
0 0.14609375 0.640277777777778 0.046875 0.0833333333333333
0 0.40390625 0.45 0.046875 0.0833333333333333
0 0.74765625 0.584722222222222 0.046875 0.0833333333333333
0 0.87109375 0.452777777777778 0.046875 0.0833333333333333
0 0.30625 0.684722222222222 0.046875 0.0833333333333333
0 0.55390625 0.238888888888889 0.046875 0.0833333333333333
0 0.79140625 0.4375 0.046875 0.0833333333333333
