0 0.06328125 0.711111111111111 0.046875 0.0833333333333333
0 0.64609375 0.744444444444444 0.046875 0.0833333333333333
0 0.39921875 0.790277777777778 0.046875 0.0833333333333333
0 0.79453125 0.605555555555556 0.046875 0.0833333333333333
0 0.25078125 0.752777777777778 0.046875 0.0833333333333333
0 0.8734375 0.355555555555556 0.046875 0.0833333333333333
0 0.1734375 0.554166666666667 0.046875 0.0833333333333333
0 0.61796875 0.627777777777778 0.046875 0.0833333333333333
0 0.69453125 0.75 0.046875 0.0833333333333333
0 0.89375 0.523611111111111 0.046875 0.0833333333333333
0 0.6515625 0.383333333333333 0.046875 0.0833333333333333
0 0.38671875 0.604166666666667 0.046875 0.0833333333333333
0 0.73125 0.466666666666667 0.046875 0.0833333333333333
0 0.55703125 0.340277777777778 0.046875 0.0833333333333333
0 0.16015625 0.406944444444444 0.046875 0.0833333333333333
