0 0.05625 0.326388888888889 0.046875 0.0833333333333333
0 0.05625 0.643055555555555 0.046875 0.0833333333333333
0 0.6953125 0.395833333333333 0.046875 0.0833333333333333
0 0.4609375 0.354166666666667 0.046875 0.0833333333333333
0 0.2375 0.336111111111111 0.046875 0.0833333333333333
0 0.8578125 0.415277777777778 0.046875 0.0833333333333333
0 0.50703125 0.566666666666667 0.046875 0.0833333333333333
0 0.21875 0.576388888888889 0.046875 0.0833333333333333
0 0.51875 0.356944444444444 0.046875 0.0833333333333333
0 0.1484375 0.240277777777778 0.046875 0.0833333333333333
