0 0.5171875 0.268055555555556 0.046875 0.0833333333333333
0 0.06328125 0.641666666666667 0.046875 0.0833333333333333
0 0.96484375 0.3875 0.046875 0.0833333333333333
0 0.39921875 0.563888888888889 0.046875 0.0833333333333333
0 0.4109375 0.345833333333333 0.046875 0.0833333333333333
0 0.5765625 0.668055555555556 0.046875 0.0833333333333333
0 0.1734375 0.595833333333333 0.046875 0.0833333333333333
0 0.83046875 0.4125 0.046875 0.0833333333333333
0 0.65703125 0.401388888888889 0.046875 0.0833333333333333
0 0.6546875 0.645833333333333 0.046875 0.0833333333333333
