0 0.24921875 0.561111111111111 0.046875 0.0833333333333333
0 0.42734375 0.372222222222222 0.046875 0.0833333333333333
0 0.64375 0.625 0.046875 0.0833333333333333
0 0.4296875 0.465277777777778 0.046875 0.0833333333333333
0 0.60078125 0.329166666666667 0.046875 0.0833333333333333
0 0.55546875 0.456944444444444 0.046875 0.0833333333333333
0 0.67265625 0.495833333333333 0.046875 0.0833333333333333
0 0.35390625 0.341666666666667 0.046875 0.0833333333333333
0 0.1203125 0.491666666666667 0.046875 0.0833333333333333
0 0.88359375 0.526388888888889 0.046875 0.0833333333333333
0 0.77109375 0.523611111111111 0.046875 0.0833333333333333
0 0.57734375 0.581944444444444 0.046875 0.0833333333333333
0 0.06484375 0.288888888888889 0.046875 0.0833333333333333
