0 0.32109375 0.534722222222222 0.046875 0.0833333333333333
0 0.771875 0.688888888888889 0.046875 0.0833333333333333
0 0.32734375 0.768055555555555 0.046875 0.0833333333333333
0 0.63359375 0.561111111111111 0.046875 0.0833333333333333
0 0.17890625 0.493055555555556 0.046875 0.0833333333333333
0 0.89765625 0.454166666666667 0.046875 0.0833333333333333
0 0.40078125 0.6125 0.046875 0.0833333333333333
0 0.01796875 0.554166666666667 0.034375 0.0833333333333333
0 0.57109375 0.379166666666667 0.046875 0.0833333333333333
0 0.540625 0.590277777777778 0.046875 0.0833333333333333
0 0.21171875 0.590277777777778 0.046875 0.0833333333333333
0 0.78515625 0.3875 0.046875 0.0833333333333333
