0 0.31640625 0.498611111111111 0.046875 0.0833333333333333
0 0.980078125 0.315277777777778 0.03828125 0.0833333333333333
0 0.86328125 0.520833333333333 0.046875 0.0833333333333333
0 0.440625 0.340277777777778 0.046875 0.0833333333333333
0 0.20625 0.281944444444444 0.046875 0.0833333333333333
0 0.40390625 0.448611111111111 0.046875 0.0833333333333333
0 0.27890625 0.386111111111111 0.046875 0.0833333333333333
0 0.72421875 0.456944444444444 0.046875 0.0833333333333333
0 0.825 0.626388888888889 0.046875 0.0833333333333333
0 0.59765625 0.398611111111111 0.046875 0.0833333333333333
0 0.60078125 0.205555555555556 0.046875 0.0833333333333333
0 0.96171875 0.540277777777778 0.046875 0.0833333333333333
0 0.46640625 0.243055555555556 0.046875 0.0833333333333333
