0 0.35859375 0.620833333333333 0.046875 0.0833333333333333
0 0.509375 0.552777777777778 0.046875 0.0833333333333333
0 0.41484375 0.469444444444444 0.046875 0.0833333333333333
0 0.1765625 0.366666666666667 0.046875 0.0833333333333333
0 0.54140625 0.430555555555556 0.046875 0.0833333333333333
0 0.92578125 0.465277777777778 0.046875 0.0833333333333333
0 0.2953125 0.434722222222222 0.046875 0.0833333333333333
0 0.96015625 0.629166666666667 0.046875 0.0833333333333333
0 0.30625 0.715277777777778 0.046875 0.0833333333333333
0 0.32734375 0.268055555555556 0.046875 0.0833333333333333
0 0.6390625 0.365277777777778 0.046875 0.0833333333333333
0 0.84765625 0.679166666666667 0.046875 0.0833333333333333
0 0.55625 0.7875 0.046875 0.0833333333333333
0 0.75703125 0.366666666666667 0.046875 0.0833333333333333
0 0.26015625 0.604166666666667 0.046875 0.0833333333333333
