0 0.25703125 0.404166666666667 0.046875 0.0833333333333333
0 0.53125 0.536111111111111 0.046875 0.0833333333333333
0 0.66484375 0.758333333333333 0.046875 0.0833333333333333
0 0.040625 0.308333333333333 0.046875 0.0833333333333333
0 0.9234375 0.434722222222222 0.046875 0.0833333333333333
0 0.62578125 0.344444444444444 0.046875 0.0833333333333333
0 0.6734375 0.173611111111111 0.046875 0.0833333333333333
0 0.7171875 0.541666666666667 0.046875 0.0833333333333333
0 0.77109375 0.365277777777778 0.046875 0.0833333333333333
0 0.46640625 0.2875 0.046875 0.0833333333333333
