0 0.37734375 0.226388888888889 0.046875 0.0833333333333333
0 0.35859375 0.851388888888889 0.046875 0.0833333333333333
0 0.9734375 0.681944444444444 0.046875 0.0833333333333333
0 0.26875 0.501388888888889 0.046875 0.0833333333333333
0 0.08515625 0.609722222222222 0.046875 0.0833333333333333
0 0.14296875 0.704166666666667 0.046875 0.0833333333333333
0 0.62265625 0.4375 0.046875 0.0833333333333333
0 0.47265625 0.5875 0.046875 0.0833333333333333
0 0.80703125 0.545833333333333 0.046875 0.0833333333333333
0 0.26640625 0.713888888888889 0.046875 0.0833333333333333
0 0.17734375 0.598611111111111 0.046875 0.0833333333333333
