0 0.24921875 0.563888888888889 0.046875 0.0833333333333333
0 0.7 0.634722222222222 0.046875 0.0833333333333333
0 0.41953125 0.431944444444444 0.046875 0.0833333333333333
0 0.8328125 0.370833333333333 0.046875 0.0833333333333333
0 0.02578125 0.518055555555555 0.046875 0.0833333333333333
0 0.52734375 0.455555555555556 0.046875 0.0833333333333333
0 0.83671875 0.5375 0.046875 0.0833333333333333
0 0.39609375 0.268055555555556 0.046875 0.0833333333333333
0 0.43984375 0.555555555555555 0.046875 0.0833333333333333
0 0.59375 0.527777777777778 0.046875 0.0833333333333333
0 0.225 0.429166666666667 0.046875 0.0833333333333333
0 0.06953125 0.377777777777778 0.046875 0.0833333333333333
0 0.9765625 0.458333333333333 0.0453125 0.0833333333333333
0 0.86640625 0.636111111111111 0.046875 0.0833333333333333
0 0.56640625 0.318055555555556 0.046875 0.0833333333333333
0 0.980859375 0.547222222222222 0.03671875 0.0833333333333333
