0 0.75859375 0.655555555555556 0.046875 0.0833333333333333
0 0.459375 0.3375 0.046875 0.0833333333333333
0 0.1390625 0.338888888888889 0.046875 0.0833333333333333
0 0.93671875 0.180555555555556 0.046875 0.0833333333333333
0 0.2984375 0.566666666666667 0.046875 0.0833333333333333
0 0.9484375 0.3625 0.046875 0.0833333333333333
0 0.30859375 0.465277777777778 0.046875 0.0833333333333333
0 0.5484375 0.273611111111111 0.046875 0.0833333333333333
0 0.69296875 0.431944444444444 0.046875 0.0833333333333333
0 0.50390625 0.484722222222222 0.046875 0.0833333333333333
