0 0.071875 0.438888888888889 0.046875 0.0833333333333333
0 0.77890625 0.558333333333333 0.046875 0.0833333333333333
0 0.690625 0.456944444444444 0.046875 0.0833333333333333
0 0.2546875 0.545833333333333 0.046875 0.0833333333333333
0 0.26953125 0.329166666666667 0.046875 0.0833333333333333
0 0.478125 0.295833333333333 0.046875 0.0833333333333333
0 0.74140625 0.240277777777778 0.046875 0.0833333333333333
0 0.04375 0.530555555555556 0.046875 0.0833333333333333
0 0.5640625 0.573611111111111 0.046875 0.0833333333333333
0 0.40546875 0.620833333333333 0.046875 0.0833333333333333
0 0.728125 0.419444444444444 0.046875 0.0833333333333333
0 0.52265625 0.431944444444444 0.046875 0.0833333333333333
