0 0.6796875 0.340277777777778 0.046875 0.0833333333333333
0 0.73046875 0.45 0.046875 0.0833333333333333
0 0.26953125 0.608333333333333 0.046875 0.0833333333333333
0 0.73359375 0.515277777777778 0.046875 0.0833333333333333
0 0.38515625 0.605555555555556 0.046875 0.0833333333333333
0 0.53828125 0.545833333333333 0.046875 0.0833333333333333
0 0.178125 0.408333333333333 0.046875 0.0833333333333333
0 0.45625 0.526388888888889 0.046875 0.0833333333333333
0 0.27578125 0.320833333333333 0.046875 0.0833333333333333
0 0.34921875 0.363888888888889 0.046875 0.0833333333333333
0 0.53671875 0.3125 0.046875 0.0833333333333333
0 0.5078125 0.427777777777778 0.046875 0.0833333333333333
0 0.78515625 0.604166666666667 0.046875 0.0833333333333333
