0 0.24140625 0.586111111111111 0.046875 0.0833333333333333
0 0.36015625 0.597222222222222 0.046875 0.0833333333333333
0 0.05703125 0.520833333333333 0.046875 0.0833333333333333
0 0.440625 0.568055555555556 0.046875 0.0833333333333333
0 0.21015625 0.363888888888889 0.046875 0.0833333333333333
0 0.4078125 0.4375 0.046875 0.0833333333333333
0 0.84921875 0.561111111111111 0.046875 0.0833333333333333
0 0.81015625 0.397222222222222 0.046875 0.0833333333333333
0 0.73046875 0.419444444444444 0.046875 0.0833333333333333
0 0.784375 0.554166666666667 0.046875 0.0833333333333333
0 0.40546875 0.340277777777778 0.046875 0.0833333333333333
0 0.184375 0.531944444444444 0.046875 0.0833333333333333
0 0.60859375 0.556944444444444 0.046875 0.0833333333333333
