0 0.764548311197918 0.625767759367373 0.046875 0.08333333
0 0.686600355453252 0.627955786758337 0.046875 0.08333333
0 0.736167536656688 0.511966314917817 0.046875 0.08333333
0 0.723489954580298 0.427706196765257 0.046875 0.08333333
0 0.688051909621843 0.357750904774638 0.046875 0.08333333
0 0.529240664305701 0.529267485575853 0.046875 0.08333333
0 0.509043308397731 0.426456975290344 0.046875 0.08333333
0 0.526114115186577 0.282043979643007 0.046875 0.08333333
0 0.443139797298469 0.522330873621324 0.046875 0.08333333
0 0.403214274469998 0.603990925320481 0.046875 0.08333333
0 0.35840796069088 0.363711828773458 0.046875 0.08333333
0 0.277355731934732 0.319755356743291 0.046875 0.08333333
0 0.25255466099224 0.619662337819563 0.046875 0.08333333
0 0.180254013867323 0.409093888673905 0.046875 0.08333333
