0 0.951917683251814 0.695580089424498 0.046875 0.08333333
0 0.865780667668889 0.260707751566049 0.046875 0.08333333
0 0.859973976652377 0.479102740839651 0.046875 0.08333333
0 0.73671875 0.479166666666667 0.046875 0.08333333
0 0.600710380829347 0.562691227446183 0.046875 0.08333333
0 0.280718051454902 0.578804319282172 0.046875 0.08333333
0 0.154199645992847 0.682221659630803 0.046875 0.08333333
0 0.0449708819583814 0.519453552816608 0.046875 0.08333333
0 0.15385007330024 0.437252096917916 0.046875 0.08333333
0 0.0246258169202514 0.387427452623069 0.046875 0.08333333
