0 0.915188069964295 0.634049548680992 0.046875 0.08333333
0 0.694687778093226 0.630993620159429 0.046875 0.08333333
0 0.680634572793986 0.648121001169183 0.046875 0.08333333
0 0.717139327072729 0.43834040114245 0.046875 0.08333333
0 0.654781318236077 0.389165719763143 0.046875 0.08333333
0 0.534508815521975 0.530543792184134 0.046875 0.08333333
0 0.403173710098383 0.318324663575936 0.046875 0.08333333
0 0.367935377244877 0.495937463159286 0.046875 0.08333333
0 0.249485308443382 0.300455494488876 0.046875 0.08333333
0 0.14791024272325 0.44641216192083 0.046875 0.08333333
0 0.156611495734981 0.349655576049004 0.046875 0.08333333
