0 0.886416512569575 0.712975983814447 0.046875 0.08333333
0 0.888650842941676 0.573401069423092 0.046875 0.08333333
0 0.86980415324149 0.4619742492867 0.046875 0.08333333
0 0.748142510685804 0.659657977004772 0.046875 0.08333333
0 0.687203253111146 0.369135372150817 0.046875 0.08333333
0 0.569107954024604 0.259836963609828 0.046875 0.08333333
0 0.59296875 0.595833333333333 0.046875 0.08333333
0 0.631119633463748 0.736406504702588 0.046875 0.08333333
0 0.513669696047063 0.584317151405327 0.046875 0.08333333
0 0.373285865922786 0.471965953651672 0.046875 0.08333333
0 0.318842823149856 0.542907796907026 0.046875 0.08333333
0 0.187752423775938 0.474075310663769 0.046875 0.08333333
0 0.174706233429624 0.283819188612346 0.046875 0.08333333
0 0.190526145634672 0.596630160268788 0.046875 0.08333333
0 0.0322004321747602 0.386356745724899 0.046875 0.08333333
0 0.14282354091121 0.49458560555136 0.046875 0.08333333
