0 0.978607761453348 0.578850992587192 0.0427844770933028 0.08333333
0 0.970423212133773 0.397311746629365 0.046875 0.08333333
0 0.859784828666046 0.420113067152484 0.046875 0.08333333
0 0.878358753480651 0.617740706586411 0.046875 0.08333333
0 0.745213977531666 0.623977002248391 0.046875 0.08333333
0 0.659226189534621 0.594861675357432 0.046875 0.08333333
0 0.633215154555434 0.721096575816603 0.046875 0.08333333
0 0.54708256149791 0.636882199558899 0.046875 0.08333333
0 0.534498878761977 0.689346011375232 0.046875 0.08333333
0 0.552009853306904 0.549287098316572 0.046875 0.08333333
0 0.403653325938948 0.607066695931263 0.046875 0.08333333
0 0.276473867927666 0.550671384296356 0.046875 0.08333333
0 0.260435493635458 0.7515784286482 0.046875 0.08333333
