0 0.0280371803748821 0.479643752018117 0.046875 0.08333333
0 0.225369502320357 0.489373762380555 0.046875 0.08333333
0 0.38671875 0.518055555555555 0.046875 0.08333333
0 0.205174205092389 0.362302043734721 0.046875 0.08333333
0 0.429985856454646 0.558969705758508 0.046875 0.08333333
0 0.49609375 0.486111111111111 0.046875 0.08333333
0 0.600018019409128 0.697464794293445 0.046875 0.08333333
0 0.672572867795766 0.474847696407303 0.046875 0.08333333
0 0.819228335598813 0.411606141975769 0.046875 0.08333333
0 0.824166326960341 0.759921021420563 0.046875 0.08333333
0 0.869913107215501 0.520078116352547 0.046875 0.08333333
0 0.994556261708706 0.578668046487958 0.0108874765825875 0.08333333
