0 0.850646698773625 0.423448126382472 0.046875 0.08333333
0 0.767841485903861 0.433444530910231 0.046875 0.08333333
0 0.759087839790215 0.564711085445179 0.046875 0.08333333
0 0.654904478337964 0.481810293151975 0.046875 0.08333333
0 0.634194645278522 0.18232418369485 0.046875 0.08333333
0 0.535518439218906 0.229011048086646 0.046875 0.08333333
0 0.429314666385657 0.45839135131885 0.046875 0.08333333
0 0.303383272748216 0.326152405316194 0.046875 0.08333333
0 0.235671420980442 0.576205630895778 0.046875 0.08333333
0 0.296745630830937 0.66179230639428 0.046875 0.08333333
0 0.16382427693792 0.634662665201712 0.046875 0.08333333
