0 0.894272677130182 0.400290140972751 0.046875 0.08333333
0 0.836693505702524 0.593533047291133 0.046875 0.08333333
0 0.63844473424935 0.519461391644651 0.046875 0.08333333
0 0.653045937495736 0.276095542203079 0.046875 0.08333333
0 0.712356369768324 0.413023356792303 0.046875 0.08333333
0 0.428157323459865 0.552205894305651 0.046875 0.08333333
0 0.473915677813404 0.660573298471001 0.046875 0.08333333
0 0.469032181801695 0.371056757966234 0.046875 0.08333333
0 0.212064669937224 0.421977509373246 0.046875 0.08333333
0 0.100082288591282 0.52466198497907 0.046875 0.08333333
0 0.273779565599756 0.354745812591671 0.046875 0.08333333
