0 0.853356431410719 0.562680576124943 0.046875 0.08333333
0 0.760854029390843 0.637351096076958 0.046875 0.08333333
0 0.721967148684817 0.494699523015427 0.046875 0.08333333
0 0.69921875 0.319444444444444 0.046875 0.08333333
0 0.547476564251106 0.512185174359665 0.046875 0.08333333
0 0.539756700779554 0.416957668439012 0.046875 0.08333333
0 0.52282831258475 0.607070184868499 0.046875 0.08333333
0 0.338470123467414 0.380021008361766 0.046875 0.08333333
0 0.229082738331341 0.342117692633904 0.046875 0.08333333
0 0.203456924339143 0.567298956718642 0.046875 0.08333333
0 0.0824003758028938 0.381804060121547 0.046875 0.08333333
