0 0.118749773916086 0.432744078432351 0.046875 0.08333333
0 0.156214314357132 0.490333308862081 0.046875 0.08333333
0 0.147418104827602 0.731596202207915 0.046875 0.08333333
0 0.358710957928214 0.552134176722453 0.046875 0.08333333
0 0.559256782265081 0.567401833157205 0.046875 0.08333333
0 0.557540437400137 0.837838151004431 0.046875 0.08333333
0 0.609726617084489 0.412274998605962 0.046875 0.08333333
0 0.754941446839302 0.627841676102998 0.046875 0.08333333
0 0.800273031344744 0.291105945095682 0.046875 0.08333333
0 0.942134881573005 0.722046336928983 0.046875 0.08333333
0 0.952350774626734 0.354802237629932 0.046875 0.08333333
