0 0.903082073761726 0.355089205490997 0.046875 0.08333333
0 0.872706207836279 0.540538212800725 0.046875 0.08333333
0 0.807899145477779 0.427095773225416 0.046875 0.08333333
0 0.636142681534279 0.472532682291258 0.046875 0.08333333
0 0.589487590504792 0.305753391057405 0.046875 0.08333333
0 0.437369921115719 0.425153206568465 0.046875 0.08333333
0 0.368210763690782 0.500447802591363 0.046875 0.08333333
0 0.386549855154743 0.287881028665894 0.046875 0.08333333
0 0.19453125 0.294444444444444 0.046875 0.08333333
0 0.111361362791101 0.325545300157487 0.046875 0.08333333
0 0.0167092252224849 0.461035771150007 0.0134565495550303 0.08333333
