0 0.0950695381341752 0.384284928940613 0.046875 0.08333333
0 0.199943230483095 0.289517948409924 0.046875 0.08333333
0 0.269653685143135 0.389744534849014 0.046875 0.08333333
0 0.309459808007208 0.479613406533 0.046875 0.08333333
0 0.372609884857484 0.450767382398773 0.046875 0.08333333
0 0.419242538533797 0.337924731234201 0.046875 0.08333333
0 0.4572003024349 0.231690139597007 0.046875 0.08333333
0 0.595018123169153 0.426025374764592 0.046875 0.08333333
0 0.5814655348238 0.213857228282632 0.046875 0.08333333
0 0.725204556548746 0.436063646535575 0.046875 0.08333333
0 0.829527932998769 0.635393787743283 0.046875 0.08333333
0 0.871375135063511 0.522620740507637 0.046875 0.08333333
0 0.993404307015521 0.403979733004272 0.0131913859689581 0.08333333
0 0.974210830996227 0.321016875020178 0.046875 0.08333333
0 0.977869009762128 0.551803539409986 0.0442619804757447 0.08333333
