0 0.725023211378866 0.244193999938939 0.046875 0.08333333
0 0.735064552302649 0.411582519020512 0.046875 0.08333333
0 0.705856989113844 0.466949723914966 0.046875 0.08333333
0 0.558522484822388 0.588231615606202 0.046875 0.08333333
0 0.536215163120981 0.440113964464052 0.046875 0.08333333
0 0.404080343999533 0.622220257897568 0.046875 0.08333333
0 0.481641812804527 0.300250888033181 0.046875 0.08333333
0 0.252569407329904 0.545470188354513 0.046875 0.08333333
0 0.268935442955341 0.353642899544736 0.046875 0.08333333
0 0.0506533031513421 0.439187154567417 0.046875 0.08333333
0 0.0757721267436386 0.516509233612991 0.046875 0.08333333
0 0.763741568102906 0.555451058605414 0.046875 0.08333333
