0 0.964459842311831 0.74893731689288 0.046875 0.08333333
0 0.916501404879977 0.727146926692314 0.046875 0.08333333
0 0.915625 0.388888888888889 0.046875 0.08333333
0 0.820748738261859 0.468507603408956 0.046875 0.08333333
0 0.854920665926063 0.607395218148485 0.046875 0.08333333
0 0.830620717288819 0.821797082474747 0.046875 0.08333333
0 0.650991749365897 0.7782263935 0.046875 0.08333333
0 0.645927977406088 0.444226139524666 0.046875 0.08333333
0 0.60443896659796 0.293492539344194 0.046875 0.08333333
0 0.511282943767467 0.325528491055264 0.046875 0.08333333
0 0.542665103600078 0.464995203441141 0.046875 0.08333333
0 0.514480136155807 0.682258347060401 0.046875 0.08333333
0 0.525743095059353 0.769092911863016 0.046875 0.08333333
0 0.14316127005319 0.491647101723045 0.046875 0.08333333
0 0.244374645688679 0.549243624013601 0.046875 0.08333333
0 0.161761561924164 0.40107185021717 0.046875 0.08333333
0 0.0553306391992035 0.250604646757224 0.046875 0.08333333
