0 0.869771336432742 0.371679407566234 0.046875 0.08333333
0 0.882252549737808 0.553047893158812 0.046875 0.08333333
0 0.798628474946283 0.6085483824402 0.046875 0.08333333
0 0.733709349965031 0.466793980320028 0.046875 0.08333333
0 0.674069887615719 0.734920310894655 0.046875 0.08333333
0 0.660779009712115 0.753030512904438 0.046875 0.08333333
0 0.624096644740431 0.622197955769259 0.046875 0.08333333
0 0.655544275060593 0.387191609950116 0.046875 0.08333333
0 0.55703125 0.340277777777778 0.046875 0.08333333
0 0.392809680445474 0.776984256886465 0.046875 0.08333333
0 0.379115331973415 0.611473661735536 0.046875 0.08333333
0 0.239110944361454 0.756792057654312 0.046875 0.08333333
0 0.185856311128974 0.562927979830426 0.046875 0.08333333
0 0.0655997530124049 0.708452198042631 0.046875 0.08333333
0 0.17882185189703 0.402433735498107 0.046875 0.08333333
