0 0.959820921556375 0.482425635174288 0.046875 0.08333333
0 0.76640625 0.354166666666667 0.046875 0.08333333
0 0.654911343226892 0.398373681499928 0.046875 0.08333333
0 0.523788813932696 0.451736872693592 0.046875 0.08333333
0 0.491709024887395 0.49509227272591 0.046875 0.08333333
0 0.507044034160978 0.227744928649013 0.046875 0.08333333
0 0.485917952604886 0.685181617359796 0.046875 0.08333333
0 0.360669141029715 0.286944025415827 0.046875 0.08333333
0 0.234380092872448 0.23829184958975 0.046875 0.08333333
0 0.291859603926189 0.412130113856474 0.046875 0.08333333
0 0.29921875 0.659722222222222 0.046875 0.08333333
0 0.106677479537524 0.547846742122148 0.046875 0.08333333
0 0.106036008488074 0.251024897303327 0.046875 0.08333333
0 0.0766170086278557 0.363261160964135 0.046875 0.08333333
