0 0.890934661276007 0.438392217474838 0.046875 0.08333333
0 0.78515625 0.3875 0.046875 0.08333333
0 0.774549534445887 0.674910122026139 0.046875 0.08333333
0 0.610667049843574 0.53724382757738 0.046875 0.08333333
0 0.544578547446019 0.563380761758936 0.046875 0.08333333
0 0.573650130372098 0.368846285210013 0.046875 0.08333333
0 0.404294504001985 0.591916897903446 0.046875 0.08333333
0 0.34203758492065 0.541300601408185 0.046875 0.08333333
0 0.190777678824616 0.48605051436145 0.046875 0.08333333
0 0.214204086866241 0.598861380030007 0.046875 0.08333333
0 0.306060269265544 0.781981647458284 0.046875 0.08333333
0 0.044833130558335 0.543090806784336 0.046875 0.08333333
