0 0.220998352426655 0.55364474150765 0.046875 0.08333333
0 0.192549547518897 0.602631031336043 0.046875 0.08333333
0 0.142731016573062 0.461422192851853 0.046875 0.08333333
0 0.310133916429277 0.466431917744422 0.046875 0.08333333
0 0.377318549478669 0.637259539174157 0.046875 0.08333333
0 0.426898444260087 0.462193642265738 0.046875 0.08333333
0 0.599296023512848 0.496464178837149 0.046875 0.08333333
0 0.748463247700998 0.626495400916414 0.046875 0.08333333
0 0.82574720096916 0.469434277265241 0.046875 0.08333333
0 0.982456325402776 0.584053640027918 0.0350873491944474 0.08333333
0 0.867028434490119 0.704683096615734 0.046875 0.08333333
