0 0.9153500923476 0.324927064561172 0.046875 0.08333333
0 0.883250488740641 0.694304110560632 0.046875 0.08333333
0 0.751096482581468 0.3715909790423 0.046875 0.08333333
0 0.697975088490831 0.734660441841497 0.046875 0.08333333
0 0.567110395688588 0.59296838565724 0.046875 0.08333333
0 0.533346239396754 0.38991600205308 0.046875 0.08333333
0 0.512721882916001 0.289824312240054 0.046875 0.08333333
0 0.420479244316398 0.505208869507269 0.046875 0.08333333
0 0.352671707087248 0.428703995314169 0.046875 0.08333333
0 0.324575618090775 0.568965137671479 0.046875 0.08333333
0 0.0897751775998315 0.32750461089984 0.046875 0.08333333
0 0.106747545920214 0.516383551212397 0.046875 0.08333333
