0 0.96767661003309 0.606579979191298 0.046875 0.08333333
0 0.923417692075771 0.461948568100457 0.046875 0.08333333
0 0.842841850458342 0.685969332637259 0.046875 0.08333333
0 0.755677416651602 0.374975682770301 0.046875 0.08333333
0 0.621548698629285 0.35569249894461 0.046875 0.08333333
0 0.542271147550922 0.791639460219817 0.046875 0.08333333
0 0.41484375 0.469444444444444 0.046875 0.08333333
0 0.545562915730705 0.443019768013967 0.046875 0.08333333
0 0.49051461656164 0.552497032579929 0.046875 0.08333333
0 0.306535521881451 0.735136969972127 0.046875 0.08333333
0 0.332111362945379 0.622129565661011 0.046875 0.08333333
0 0.264207219438119 0.606055830131518 0.046875 0.08333333
0 0.172132615331606 0.345408373202337 0.046875 0.08333333
0 0.309218360210859 0.419035702211483 0.046875 0.08333333
0 0.343290037788998 0.28127898290289 0.046875 0.08333333
