0 0.189515686526704 0.493217768827771 0.046875 0.08333333
0 0.182759595184327 0.401751560257045 0.046875 0.08333333
0 0.0499214385526027 0.360090114058217 0.046875 0.08333333
0 0.0277889450024593 0.626182962394 0.046875 0.08333333
0 0.0689778421674323 0.681286991123145 0.046875 0.08333333
0 0.213604103705994 0.212436023965182 0.046875 0.08333333
0 0.347859373697293 0.564028684708437 0.046875 0.08333333
0 0.524576322512179 0.438017684447886 0.046875 0.08333333
0 0.396734870967271 0.3877878531672 0.046875 0.08333333
0 0.568965880816568 0.452916142602109 0.046875 0.08333333
0 0.737810672674378 0.277964964632266 0.046875 0.08333333
0 0.867182828707802 0.462143817319872 0.046875 0.08333333
