0 0.254569079748846 0.404927620491448 0.046875 0.08333333
0 0.0358997712854979 0.311353714601107 0.046875 0.08333333
0 0.431316180887989 0.49828214013018 0.046875 0.08333333
0 0.464747488664551 0.774098134100388 0.046875 0.08333333
0 0.522001555777353 0.534851230975529 0.046875 0.08333333
0 0.463867124175062 0.291513259318133 0.046875 0.08333333
0 0.664113886251134 0.171627156289672 0.046875 0.08333333
0 0.635094794003592 0.348290349355208 0.046875 0.08333333
0 0.764215842600467 0.369012922969569 0.046875 0.08333333
0 0.71902600622603 0.547364999248731 0.046875 0.08333333
0 0.821024272595497 0.638786818862952 0.046875 0.08333333
0 0.666528162172962 0.755002577392868 0.046875 0.08333333
0 0.938466050203762 0.434066077040612 0.046875 0.08333333
