0 0.0101905612508864 0.340853631699044 0.0264938774982272 0.08333333
0 0.0121427167576858 0.617411135843062 0.0225895664846283 0.08333333
0 0.151902355078122 0.729868752646115 0.046875 0.08333333
0 0.17943661231978 0.275793606311362 0.046875 0.08333333
0 0.229808121167587 0.453216839206338 0.046875 0.08333333
0 0.286497174057871 0.701662608524283 0.046875 0.08333333
0 0.425310068474132 0.456383440591701 0.046875 0.08333333
0 0.440297098662367 0.57673521484451 0.046875 0.08333333
0 0.318146748303971 0.3019520634378 0.046875 0.08333333
0 0.510838374294609 0.367676401184864 0.046875 0.08333333
0 0.634148641684037 0.462608631654903 0.046875 0.08333333
0 0.662488893743482 0.516839020995836 0.046875 0.08333333
0 0.767737277736205 0.249927360626511 0.046875 0.08333333
0 0.813535267834385 0.397883190765902 0.046875 0.08333333
0 0.871246214934951 0.553758636096577 0.046875 0.08333333
0 0.931872840610072 0.28137485088903 0.046875 0.08333333
