0 0.943864997401344 0.864792736776564 0.046875 0.08333333
0 0.83321141352956 0.487288263927645 0.046875 0.08333333
0 0.672741326229847 0.616903611588359 0.046875 0.08333333
0 0.620499030102791 0.411358780422275 0.046875 0.08333333
0 0.46484375 0.540277777777778 0.046875 0.08333333
0 0.522550984307454 0.547428460194567 0.046875 0.08333333
0 0.539393726529366 0.719198581446713 0.046875 0.08333333
0 0.465095346278062 0.314510000043674 0.046875 0.08333333
0 0.710306781470857 0.210393815657023 0.046875 0.08333333
0 0.870503689218257 0.150712655130554 0.046875 0.08333333
0 0.955031633188656 0.245245004462257 0.046875 0.08333333
0 0.809326144508668 0.415964931076042 0.046875 0.08333333
0 0.372227847795916 0.514443735360463 0.046875 0.08333333
0 0.218278080760035 0.546604614429698 0.046875 0.08333333
0 0.173157846109751 0.47768979326147 0.046875 0.08333333
0 0.171539295940768 0.618857942692598 0.046875 0.08333333
0 0.0853627733769094 0.512835593465734 0.046875 0.08333333
