0 0.272661835389116 0.428282272131778 0.046875 0.08333333
0 0.343007187308188 0.515426523438071 0.046875 0.08333333
0 0.249242236469565 0.712669881012079 0.046875 0.08333333
0 0.392466670935372 0.820307513882207 0.046875 0.08333333
0 0.413501566781617 0.874976926492743 0.046875 0.08333333
0 0.560489556217532 0.672595821327252 0.046875 0.08333333
0 0.557748165698581 0.438109172083596 0.046875 0.08333333
0 0.512028564139997 0.403374738095311 0.046875 0.08333333
0 0.430512770996594 0.362379170710481 0.046875 0.08333333
0 0.404706083013828 0.400199003115626 0.046875 0.08333333
0 0.208161515012449 0.439692876870188 0.046875 0.08333333
0 0.542482001036516 0.808216902731729 0.046875 0.08333333
0 0.76875946025026 0.300618693886567 0.046875 0.08333333
0 0.711564279428956 0.512950396131104 0.046875 0.08333333
0 0.636422348614926 0.474671799369434 0.046875 0.08333333
0 0.977731022733515 0.522661470361441 0.04453795453297 0.08333333
