0 0.164692820403293 0.503445680859696 0.046875 0.08333333
0 0.108351984356408 0.284455024528294 0.046875 0.08333333
0 0.15446746993168 0.574560950608998 0.046875 0.08333333
0 0.369607671995166 0.560160269172689 0.046875 0.08333333
0 0.385896175345678 0.318925408215126 0.046875 0.08333333
0 0.401073584879909 0.446979234414992 0.046875 0.08333333
0 0.51075611926687 0.567357866960258 0.046875 0.08333333
0 0.531080676720921 0.384470148972557 0.046875 0.08333333
0 0.744335382552019 0.57124697464787 0.046875 0.08333333
0 0.815847945986013 0.419358233134947 0.046875 0.08333333
0 0.988120432507837 0.504355156481031 0.023759134984326 0.08333333
0 0.98569601638516 0.648806895034563 0.0286079672296795 0.08333333
0 0.929386368547759 0.394037322832262 0.046875 0.08333333
