0 0.0616080896853426 0.632922602010295 0.046875 0.08333333
0 0.0425475623055281 0.450368131039309 0.046875 0.08333333
0 0.261354561404235 0.492164958386725 0.046875 0.08333333
0 0.229367907316079 0.329463696672082 0.046875 0.08333333
0 0.316367755285024 0.763852795618853 0.046875 0.08333333
0 0.426024187228624 0.609713663456578 0.046875 0.08333333
0 0.343361217088678 0.357884350032815 0.046875 0.08333333
0 0.582545785879395 0.381116744614746 0.046875 0.08333333
0 0.729490221226112 0.378711365506538 0.046875 0.08333333
0 0.671270580055435 0.649209507398236 0.046875 0.08333333
0 0.892267840682474 0.594068672147972 0.046875 0.08333333
0 0.949454528180956 0.461155378452225 0.046875 0.08333333
