0 0.230812456662919 0.40444257761478 0.046875 0.08333333
0 0.188801065973945 0.51975102951141 0.046875 0.08333333
0 0.106620176012187 0.529397788125707 0.046875 0.08333333
0 0.352614730161608 0.484004425412548 0.046875 0.08333333
0 0.41796875 0.479166666666667 0.046875 0.08333333
0 0.465625730570149 0.474014161793208 0.046875 0.08333333
0 0.607755266275048 0.391554024931516 0.046875 0.08333333
0 0.784463808190474 0.317689059622463 0.046875 0.08333333
0 0.862182687916319 0.483961608085567 0.046875 0.08333333
0 0.871910049968068 0.416858893705085 0.046875 0.08333333
0 0.917508487493344 0.316029899819683 0.046875 0.08333333
