0 0.927848406194653 0.791549192901495 0.046875 0.08333333
0 0.853028307438613 0.938178208008559 0.046875 0.08333333
0 0.762919284340267 0.899215092196907 0.046875 0.08333333
0 0.648266548521543 0.849011371970568 0.046875 0.08333333
0 0.489272765459071 0.627956059875992 0.046875 0.08333333
0 0.615363016418288 0.567995662531494 0.046875 0.08333333
0 0.70859375 0.461111111111111 0.046875 0.08333333
0 0.838332550515901 0.468800764752142 0.046875 0.08333333
0 0.888252130240387 0.247081549949642 0.046875 0.08333333
0 0.617120074702581 0.344262836604204 0.046875 0.08333333
0 0.518459969415804 0.199430497222088 0.046875 0.08333333
0 0.694439969807717 0.100757476441051 0.046875 0.08333333
0 0.440028252330954 0.264485790713748 0.046875 0.08333333
0 0.347678955229846 0.274693981403933 0.046875 0.08333333
0 0.217539053031552 0.255063025088064 0.046875 0.08333333
0 0.327026513917267 0.439097995488444 0.046875 0.08333333
0 0.210317085412438 0.744474888493841 0.046875 0.08333333
0 0.105264125883564 0.394799956579669 0.046875 0.08333333
0 0.0644289501670791 0.142423825320558 0.046875 0.08333333
