0 0.20272157569707 0.505462293987046 0.046875 0.08333333
0 0.328838892951992 0.592107789390683 0.046875 0.08333333
0 0.35390625 0.402777777777778 0.046875 0.08333333
0 0.510898807214418 0.556043289049002 0.046875 0.08333333
0 0.588393442466067 0.741388574698538 0.046875 0.08333333
0 0.633809420427054 0.472460581773861 0.046875 0.08333333
0 0.550776797073573 0.385254541263393 0.046875 0.08333333
0 0.796419756329477 0.721989055576042 0.046875 0.08333333
0 0.769662164402992 0.273762703473929 0.046875 0.08333333
0 0.959875701980736 0.608671288792243 0.046875 0.08333333
0 0.913199702880643 0.376902136939702 0.046875 0.08333333
