0 0.914673421037574 0.26441418335079 0.046875 0.08333333
0 0.620441997435331 0.388084910584072 0.046875 0.08333333
0 0.693193743619967 0.549455182923126 0.046875 0.08333333
0 0.398749068746953 0.702041477262517 0.046875 0.08333333
0 0.443597120247254 0.387097096427643 0.046875 0.08333333
0 0.423006923444541 0.310369725904452 0.046875 0.08333333
0 0.151025783140822 0.369766551184722 0.046875 0.08333333
0 0.295931465620889 0.601022223246138 0.046875 0.08333333
0 0.370814885566935 0.869210444519488 0.046875 0.08333333
0 0.0995835589088899 0.639593122399819 0.046875 0.08333333
0 0.0183059448259535 0.484038282303564 0.0102631103480931 0.08333333
