0 0.96335874312859 0.526166717262279 0.046875 0.08333333
0 0.923332687580982 0.463594639218367 0.046875 0.08333333
0 0.878922285864015 0.283855575951784 0.046875 0.08333333
0 0.816935774574419 0.56264931107192 0.046875 0.08333333
0 0.643128832424223 0.556563454073992 0.046875 0.08333333
0 0.477637253093612 0.532565102002795 0.046875 0.08333333
0 0.355278810866751 0.326708962984743 0.046875 0.08333333
0 0.388605370634502 0.612405671460118 0.046875 0.08333333
0 0.340736626058857 0.805729305048477 0.046875 0.08333333
0 0.217144634318802 0.636754104572539 0.046875 0.08333333
0 0.234714681608628 0.510752543571048 0.046875 0.08333333
0 0.103780749443254 0.476608521020251 0.046875 0.08333333
