0 0.160443454762802 0.4110094557713 0.046875 0.08333333
0 0.090936463968039 0.483906032455918 0.046875 0.08333333
0 0.0743920330314875 0.315632015159205 0.046875 0.08333333
0 0.230626899898063 0.50252805412691 0.046875 0.08333333
0 0.251237265655223 0.265498153486493 0.046875 0.08333333
0 0.19371775119737 0.217304125647067 0.046875 0.08333333
0 0.38124536035636 0.409286271518984 0.046875 0.08333333
0 0.453356724243879 0.592004412224098 0.046875 0.08333333
0 0.487346277973492 0.373646315113809 0.046875 0.08333333
0 0.636718107625401 0.369156480999698 0.046875 0.08333333
0 0.573369885845008 0.55646374897813 0.046875 0.08333333
0 0.849798808602184 0.430707293048556 0.046875 0.08333333
0 0.955585202330859 0.409689506880259 0.046875 0.08333333
0 0.919297762099813 0.716007157437342 0.046875 0.08333333
0 0.814919341204722 0.537024254220972 0.046875 0.08333333
