0 0.800825621006789 0.192834813407001 0.046875 0.08333333
0 0.808462890858239 0.577341655342181 0.046875 0.08333333
0 0.637600995766033 0.366774920913268 0.046875 0.08333333
0 0.736278265658698 0.14065900072805 0.046875 0.08333333
0 0.5134056193352 0.266890368874894 0.046875 0.08333333
0 0.47315555393677 0.463645525862624 0.046875 0.08333333
0 0.475956200485457 0.17815012426856 0.046875 0.08333333
0 0.360711324295482 0.445589177149298 0.046875 0.08333333
0 0.314091932725337 0.220295874516915 0.046875 0.08333333
0 0.281398485716306 0.165289458258248 0.046875 0.08333333
0 0.247630359421553 0.506400181940833 0.046875 0.08333333
0 0.198402015301875 0.407191049503942 0.046875 0.08333333
0 0.157650095588067 0.148270080441865 0.046875 0.08333333
0 0.0398647553421978 0.229327976289302 0.046875 0.08333333
0 0.0703043344123218 0.535674032958492 0.046875 0.08333333
