0 0.115149707196347 0.501857078012912 0.046875 0.08333333
0 0.121188336769372 0.401649447280347 0.046875 0.08333333
0 0.137186631226021 0.327110422126905 0.046875 0.08333333
0 0.295482191346794 0.579676101214466 0.046875 0.08333333
0 0.29164460423475 0.466808199268639 0.046875 0.08333333
0 0.451582210361276 0.353692400631515 0.046875 0.08333333
0 0.50992301986393 0.471240683917517 0.046875 0.08333333
0 0.538890899212503 0.262254486896499 0.046875 0.08333333
0 0.708619229578748 0.428651893174117 0.046875 0.08333333
0 0.751157000489479 0.668448873342457 0.046875 0.08333333
0 0.801260014985562 0.310585802707009 0.046875 0.08333333
0 0.938004635811756 0.16923349251973 0.046875 0.08333333
0 0.957350575828497 0.369527410659441 0.046875 0.08333333
0 0.940314823742123 0.463817980860484 0.046875 0.08333333
