0 0.758435956354374 0.675197098892873 0.046875 0.08333333
0 0.772985987321091 0.433712036820224 0.046875 0.08333333
0 0.616453140520083 0.355185303371775 0.046875 0.08333333
0 0.633742708966417 0.488115260948648 0.046875 0.08333333
0 0.529664102482868 0.653941709757314 0.046875 0.08333333
0 0.502508668991863 0.510947982218426 0.046875 0.08333333
0 0.417727024228293 0.696685522411839 0.046875 0.08333333
0 0.374685923998215 0.483193772684549 0.046875 0.08333333
0 0.326675988719595 0.399914361720289 0.046875 0.08333333
0 0.348060490027153 0.765656660567952 0.046875 0.08333333
0 0.305612723666075 0.813586307211714 0.046875 0.08333333
0 0.161134263519087 0.724931259897968 0.046875 0.08333333
0 0.0615293405332694 0.541779764375295 0.046875 0.08333333
0 0.199734338049335 0.274384013143663 0.046875 0.08333333
0 0.251630055696748 0.274672739527263 0.046875 0.08333333
0 0.0149646558196833 0.74580289520506 0.0169456883606334 0.08333333
