0 0.923354549393944 0.456249724512238 0.046875 0.08333333
0 0.908187328535276 0.562655192995899 0.046875 0.08333333
0 0.682619887776698 0.558750553005019 0.046875 0.08333333
0 0.667186036844736 0.400224845180537 0.046875 0.08333333
0 0.618991894711815 0.695171521916943 0.046875 0.08333333
0 0.55152286224671 0.434074491187727 0.046875 0.08333333
0 0.51642047054711 0.5390589830362 0.046875 0.08333333
0 0.31057336119738 0.533089548398999 0.046875 0.08333333
0 0.401206854597184 0.712127294186874 0.046875 0.08333333
0 0.152667875551912 0.392501351583066 0.046875 0.08333333
0 0.0620842586158128 0.409973402793578 0.046875 0.08333333
0 0.0999808178862807 0.511028863247813 0.046875 0.08333333
0 0.0700869263082683 0.627418746983358 0.046875 0.08333333
