0 0.935484251540135 0.50226512763702 0.046875 0.08333333
0 0.803675825210839 0.610470033505721 0.046875 0.08333333
0 0.801310870803115 0.855895940721044 0.046875 0.08333333
0 0.677489911048482 0.551289857058871 0.046875 0.08333333
0 0.62500831378453 0.361984766716883 0.046875 0.08333333
0 0.43013886772793 0.217560824172231 0.046875 0.08333333
0 0.482005554041845 0.826574457748672 0.046875 0.08333333
0 0.298411021723006 0.264952550541311 0.046875 0.08333333
0 0.20811836705607 0.706004092715443 0.046875 0.08333333
0 0.106786775952306 0.468612428329064 0.046875 0.08333333
0 0.0511605724155623 0.390315529693634 0.046875 0.08333333
0 0.0759397369514569 0.222405589772753 0.046875 0.08333333
