0 0.808196953817182 0.503642316179762 0.046875 0.08333333
0 0.799090533981607 0.544462726660718 0.046875 0.08333333
0 0.742382391380242 0.424959543851694 0.046875 0.08333333
0 0.569580469194084 0.611598430379179 0.046875 0.08333333
0 0.27421875 0.454166666666667 0.046875 0.08333333
0 0.19798264559645 0.702069712354135 0.046875 0.08333333
0 0.116413377089314 0.496753997147412 0.046875 0.08333333
0 0.0883748195829671 0.4343568311607 0.046875 0.08333333
0 0.180689806731262 0.501380516326377 0.046875 0.08333333
0 0.123826627797031 0.223970937882435 0.046875 0.08333333
0 0.0293168855336671 0.271217361546929 0.046875 0.08333333
0 0.29743631530398 0.217881623431779 0.046875 0.08333333
