0 0.233182050164301 0.411000878091967 0.046875 0.08333333
0 0.0846811908526236 0.375024384813008 0.046875 0.08333333
0 0.0255627712745891 0.509350202637109 0.046875 0.08333333
0 0.25037501002667 0.56293808388071 0.046875 0.08333333
0 0.412820505003417 0.270963483203238 0.046875 0.08333333
0 0.429646609313231 0.406650141780222 0.046875 0.08333333
0 0.440527177357008 0.567054124786738 0.046875 0.08333333
0 0.594259662799119 0.521445566179497 0.046875 0.08333333
0 0.519980392968523 0.451846790468713 0.046875 0.08333333
0 0.571497556619413 0.300459600576773 0.046875 0.08333333
0 0.710343914282519 0.629638158550648 0.046875 0.08333333
0 0.82982457138512 0.533895324284077 0.046875 0.08333333
0 0.984670838176031 0.45532674162522 0.0306583236479376 0.08333333
0 0.980859375 0.547222222222222 0.0382812499999998 0.08333333
0 0.862318147823101 0.640500247009354 0.046875 0.08333333
0 0.860750085013909 0.369559164634095 0.046875 0.08333333
