0 0.932782381085096 0.584721265989841 0.046875 0.08333333
0 0.853659013846851 0.391395961101449 0.046875 0.08333333
0 0.717613761551536 0.397698103681859 0.046875 0.08333333
0 0.527779917182605 0.37147940956075 0.046875 0.08333333
0 0.50703125 0.566666666666667 0.046875 0.08333333
0 0.450514623598198 0.36660747508607 0.046875 0.08333333
0 0.273218843368843 0.334755650927211 0.046875 0.08333333
0 0.21875 0.576388888888889 0.046875 0.08333333
0 0.102915396529826 0.551720216900945 0.046875 0.08333333
0 0.0447398035381856 0.312545775208439 0.046875 0.08333333
0 0.148145478547372 0.204035863176748 0.046875 0.08333333
0 0.0722934901207647 0.614406951062684 0.046875 0.08333333
