0 0.840768317794263 0.545804327534868 0.046875 0.08333333
0 0.777941653445494 0.537757876007822 0.046875 0.08333333
0 0.835058815849046 0.397594623403905 0.046875 0.08333333
0 0.743119808415785 0.439451554670609 0.046875 0.08333333
0 0.623561838475356 0.56025298855953 0.046875 0.08333333
0 0.415415996855272 0.444054102988548 0.046875 0.08333333
0 0.452751263823002 0.559999673349783 0.046875 0.08333333
0 0.345845905950873 0.57247549594505 0.046875 0.08333333
0 0.391098878906071 0.341034533392412 0.046875 0.08333333
0 0.191065630185134 0.363982989893044 0.046875 0.08333333
0 0.244399617842639 0.584993521822983 0.046875 0.08333333
0 0.190404063829737 0.517122393237537 0.046875 0.08333333
0 0.0567150426866144 0.522281736648924 0.046875 0.08333333
