0 0.967642652903662 0.396789683012678 0.046875 0.08333333
0 0.824396227287926 0.406676209047446 0.046875 0.08333333
0 0.651932998787357 0.649530412875916 0.046875 0.08333333
0 0.653950072091963 0.383968721760314 0.046875 0.08333333
0 0.573532782173051 0.658419810898928 0.046875 0.08333333
0 0.506041121347746 0.254955396196105 0.046875 0.08333333
0 0.415038770813597 0.370853334812196 0.046875 0.08333333
0 0.400754433077783 0.557901683742103 0.046875 0.08333333
0 0.426677547264442 0.184444353322957 0.046875 0.08333333
0 0.128701595857965 0.301119389526748 0.046875 0.08333333
0 0.169662330722483 0.601928180138784 0.046875 0.08333333
0 0.0799252517241765 0.658362489110543 0.046875 0.08333333
