0 0.819364030599382 0.173860685894207 0.046875 0.08333333
0 0.846779025368378 0.523474694185769 0.046875 0.08333333
0 0.733178242219121 0.312672780146918 0.046875 0.08333333
0 0.543579439104413 0.428716658859206 0.046875 0.08333333
0 0.503527887747012 0.258697001790134 0.046875 0.08333333
0 0.39167301470013 0.326801627150888 0.046875 0.08333333
0 0.401093872052813 0.550229051692119 0.046875 0.08333333
0 0.283341746374071 0.50171723743884 0.046875 0.08333333
0 0.313742457122364 0.305298911599962 0.046875 0.08333333
0 0.254210436272771 0.15608067922924 0.046875 0.08333333
0 0.122183277370875 0.378294179834799 0.046875 0.08333333
0 0.0955146739603207 0.358327943162757 0.046875 0.08333333
0 0.204679765531565 0.0858034850315122 0.046875 0.08333333
0 0.0702908053859394 0.568769257320956 0.046875 0.08333333
