0 0.858267202463554 0.456414221328779 0.046875 0.08333333
0 0.833255560575604 0.317343331714607 0.046875 0.08333333
0 0.592013296367881 0.378746572604093 0.046875 0.08333333
0 0.528566004813363 0.339612746877171 0.046875 0.08333333
0 0.446755414020377 0.354967915690309 0.046875 0.08333333
0 0.312469195236865 0.271161381972353 0.046875 0.08333333
0 0.292841958894329 0.394656306810134 0.046875 0.08333333
0 0.263284302469008 0.419899139321772 0.046875 0.08333333
0 0.125572445924278 0.465696392802272 0.046875 0.08333333
0 0.106530429508213 0.379862261938411 0.046875 0.08333333
0 0.0563626346385595 0.471717836316218 0.046875 0.08333333
