0 0.860799180327199 0.408101303653347 0.046875 0.08333333
0 0.88359375 0.526388888888889 0.046875 0.08333333
0 0.801880042870018 0.630456101992591 0.046875 0.08333333
0 0.791036756951852 0.530377599865005 0.046875 0.08333333
0 0.675981373604105 0.402760786184429 0.046875 0.08333333
0 0.702260233831814 0.507435299544407 0.046875 0.08333333
0 0.646358358559698 0.637283467012486 0.046875 0.08333333
0 0.573391594795295 0.578027958896227 0.046875 0.08333333
0 0.605902271749438 0.330948352522055 0.046875 0.08333333
0 0.550332543656464 0.443469836047848 0.046875 0.08333333
0 0.442705546309219 0.369730716484342 0.046875 0.08333333
0 0.432904242875721 0.463374277765005 0.046875 0.08333333
0 0.352472809642181 0.333400740455308 0.046875 0.08333333
0 0.252375249651465 0.552350374446621 0.046875 0.08333333
0 0.121361783955528 0.497484367517026 0.046875 0.08333333
0 0.055657949754019 0.299841835188606 0.046875 0.08333333
