0 0.997764084830346 0.283276927442076 0.00447183033930809 0.08333333
0 0.953642342261066 0.623413233566306 0.046875 0.08333333
0 0.87890625 0.538888888888889 0.046875 0.08333333
0 0.810068531089797 0.230083060896829 0.046875 0.08333333
0 0.667861080690285 0.373812222869243 0.046875 0.08333333
0 0.740841771799739 0.72092538408053 0.046875 0.08333333
0 0.563537032713874 0.534637846963424 0.046875 0.08333333
0 0.49453125 0.279166666666667 0.046875 0.08333333
0 0.37421875 0.420833333333333 0.046875 0.08333333
0 0.104855034150517 0.379750541158548 0.046875 0.08333333
0 0.0665882917028991 0.708956990842445 0.046875 0.08333333
