0 0.9734375 0.681944444444444 0.046875 0.08333333
0 0.80703125 0.545833333333333 0.046875 0.08333333
0 0.670320239767004 0.8564519911792 0.046875 0.08333333
0 0.623981401697498 0.432762006236357 0.046875 0.08333333
0 0.476610731524556 0.59224508427468 0.046875 0.08333333
0 0.333328033406393 0.865415204492517 0.046875 0.08333333
0 0.26701219464691 0.725868662715239 0.046875 0.08333333
0 0.277700071811983 0.497083170086652 0.046875 0.08333333
0 0.17734375 0.598611111111111 0.046875 0.08333333
0 0.118974323430943 0.693907263699079 0.046875 0.08333333
0 0.0750788638269764 0.587843003759648 0.046875 0.08333333
0 0.375483297489272 0.217283173247627 0.046875 0.08333333
