0 0.720228953519624 0.5540329138544 0.046875 0.08333333
0 0.547521783403327 0.520895903017961 0.046875 0.08333333
0 0.778652392986616 0.807443228527441 0.046875 0.08333333
0 0.890048628048729 0.808298136041238 0.046875 0.08333333
0 0.908638755609726 0.514902655527688 0.046875 0.08333333
0 0.42994552475357 0.537287324028385 0.046875 0.08333333
0 0.095260328187822 0.452641743922571 0.046875 0.08333333
0 0.0305274052936813 0.438996010554029 0.046875 0.08333333
0 0.0790708492609593 0.326692557419677 0.046875 0.08333333
0 0.0394252260957185 0.33558069479857 0.046875 0.08333333
