0 0.959869467563863 0.60725017470026 0.046875 0.08333333
0 0.83163134681098 0.499550814953922 0.046875 0.08333333
0 0.744381788475018 0.267170859702072 0.046875 0.08333333
0 0.742834864126918 0.495317182096545 0.046875 0.08333333
0 0.715206831564005 0.683520762348943 0.046875 0.08333333
0 0.563965583614809 0.751990672135818 0.046875 0.08333333
0 0.563210722276409 0.57471218836915 0.046875 0.08333333
0 0.57880649325137 0.356946951776497 0.046875 0.08333333
0 0.573242306135134 0.199455451176084 0.046875 0.08333333
0 0.539051889797025 0.280158894351214 0.046875 0.08333333
0 0.434849865327279 0.364014738391687 0.046875 0.08333333
0 0.432984550612855 0.619842850426375 0.046875 0.08333333
0 0.23655900805936 0.299946649906577 0.046875 0.08333333
0 0.214694971163138 0.494191251777021 0.046875 0.08333333
0 0.150315168916695 0.389408334099291 0.046875 0.08333333
