0 0.107083086093423 0.460914061574424 0.046875 0.08333333
0 0.0515316321777026 0.778050610799289 0.046875 0.08333333
0 0.0258360544311086 0.381270906462705 0.046875 0.08333333
0 0.224699908861147 0.524038799694358 0.046875 0.08333333
0 0.252256118244591 0.686363392405375 0.046875 0.08333333
0 0.310883841020714 0.815983786542499 0.046875 0.08333333
0 0.424799376012191 0.521551582663502 0.046875 0.08333333
0 0.526027311107536 0.236571153091748 0.046875 0.08333333
0 0.633445479383504 0.387346805117452 0.046875 0.08333333
0 0.778375028087126 0.295387432935869 0.046875 0.08333333
0 0.655761245130545 0.729669983502825 0.046875 0.08333333
0 0.872345024831928 0.487511958218504 0.046875 0.08333333
0 0.969103093658401 0.438944216744767 0.046875 0.08333333
