0 0.91254969446185 0.549060809905695 0.046875 0.08333333
0 0.826795606221318 0.675662824901364 0.046875 0.08333333
0 0.769755420391352 0.779543077306491 0.046875 0.08333333
0 0.798275872078985 0.532969731482111 0.046875 0.08333333
0 0.548751302968344 0.49953027523806 0.046875 0.08333333
0 0.633774817873436 0.792235545707967 0.046875 0.08333333
0 0.586363162947761 0.257797120289335 0.046875 0.08333333
0 0.843843054677642 0.392684055208859 0.046875 0.08333333
0 0.384952286207623 0.544058677432655 0.046875 0.08333333
0 0.310864647042649 0.631598655086151 0.046875 0.08333333
0 0.207031649195116 0.516824673109405 0.046875 0.08333333
0 0.337678992910824 0.288553466434364 0.046875 0.08333333
0 0.0318378897820862 0.428098847191989 0.046875 0.08333333
